9185
9193
9201
9180
9184
9169
9192
9181
9160
9187
9186
9190
9180
9193
9176
9171
9168
9187
9192
9173
9192
9178
9169
9184
9178
9177
9193
9181
9174
9173
9187
9175
9201
9185
9168
9168
9192
9188
9181
9163
9179
9176
9163
9161
9169
9189
9165
9188
9182
9194
9187
9192
9186
9178
9171
9185
9183
9172
9175
9190
9176
9166
9193
9179
9197
9182
9189
9186
9182
9192
9166
9173
9178
9181
9188
9172
9180
9175
9184
9185
9182
9179
9198
9180
9167
9164
9172
9190
9191
9188
9180
9183
9191
9188
9181
9176
9195
9177
9174
9176
9179
9185
9191
9200
9192
9165
9189
9193
9201
9166
9185
9172
9183
9184
9171
9181
9193
9171
9184
9163
9186
9206
9188
9172
9182
9187
9176
9191
9183
9168
9184
9193
9186
9173
9173
9179
9178
9193
9192
9195
9182
9179
9198
9182
9185
9176
9197
9162
9174
9176
9171
9184
9200
9180
9197
9181
9176
9172
9184
9174
9174
9181
9179
9171
9174
9182
9183
9184
9182
9171
9192
9184
9195
9185
9177
9170
9194
9182
9180
9194
9173
9186
9195
9190
9178
9195
9190
9178
9167
9195
9183
9165
9180
9165
9183
9184
9164
9190
9192
9192
9180
9174
9171
9185
9185
9173
9166
9183
9173
9182
9178
9187
9172
9175
9177
9199
9173
9189
9183
9163
9182
9172
9195
9189
9179
9186
9187
9176
9188
9181
9185
9175
9184
9190
9195
9190
9203
9179
9169
9181
9177
9178
9185
9196
9192
9196
9181
9178
9188
9190
9202
9171
9180
9190
9187
9188
9170
9185
9177
9175
9166
9183
9172
9173
9164
9178
9179
9168
9176
9166
9184
9174
9181
9184
9191
9172
9184
9174
9181
9174
9181
9169
9176
9170
9179
9183
9165
9176
9176
9169
9172
9180
9183
9173
9175
9199
9176
9185
9183
9192
9196
9186
9187
9163
9200
9171
9179
9172
9165
9179
9190
9186
9186
9177
9186
9193
9179
9165
9196
9162
9176
9194
9184
9183
9187
9176
9180
9183
9191
9181
9195
9168
9191
9200
9190
9183
9176
9196
9184
9177
9166
9170
9168
9183
9176
9189
9180
9186
9173
9193
9209
9184
9189
9173
9180
9176
9162
9179
9192
9178
9179
9209
9171
9175
9184
9174
9170
9183
9196
9195
9192
9187
9182
9180
9187
9181
9179
9182
9177
9179
9189
9180
9165
9178
9186
9175
9184
9175
9176
9181
9186
9181
9184
9183
9182
9166
9183
9188
9208
9195
9187
9164
9176
9179
9202
9174
9175
9165
9170
9178
9198
9173
9176
9184
9192
9168
9165
9196
9189
9173
9188
9178
9204
9189
9181
9180
9182
9161
9194
9175
9186
9186
9184
9181
9171
9194
9178
9179
9188
9185
9196
9176
9185
9170
9201
9166
9189
9184
9179
9174
9167
9184
9171
9199
9177
9189
9183
9196
9172
9179
9186
9172
9188
9182
9193
9190
9169
9166
9179
9198
9169
9177
9178
9182
9186
9190
9192
9177
9169
9186
9172
9182
9178
9174
9173
9187
9172
9169
9182
9183
9199
9196
9206
9186
9192
9172
9169
9181
9184
9181
9179
9200
9197
9177
9173
9179
9168
9187
9179
9177
9164
9179
9181
9187
9177
9183
9180
9205
9187
9177
9182
9192
9181
9187
9185
9190
9191
9189
9183
9182
9179
9174
9191
9193
9185
9196
9188
9191
9195
9181
9179
9184
9171
9181
9187
9188
9192
9180
9178
9179
9173
9203
9185
9183
9196
9170
9173
9196
9202
9186
9196
9177
9168
9203
9174
9174
9190
9195
9186
9165
9183
9185
9191
9192
9172
9164
9184
9184
9180
9191
9181
9173
9182
9195
9199
9170
9167
9174
9179
9176
9183
9192
9176
9164
9173
9198
9173
9182
9180
9167
9180
9172
9188
9182
9177
9180
9188
9182
9186
9181
9183
9180
9177
9198
9185
9168
9177
9176
9176
9185
9185
9186
9182
9192
9204
9189
9184
9178
9174
9167
9178
9192
9189
9173
9181
9175
9192
9182
9194
9204
9189
9193
9172
9180
9196
9179
9198
9195
9183
9187
9185
9191
9181
9177
9175
9181
9199
9183
9181
9184
9183
9188
9185
9182
9185
9185
9197
9193
9180
9167
9168
9202
9195
9183
9175
9191
9183
9181
9180
9179
9192
9184
9196
9185
9178
9172
9172
9173
9187
9169
9164
9177
9175
9178
9188
9173
9185
9193
9187
9185
9172
9173
9179
9166
9179
9181
9183
9178
9173
9185
9184
9179
9174
9183
9219
9189
9177
9181
9188
9185
9194
9175
9177
9180
9164
9191
9183
9176
9183
9184
9188
9185
9182
9175
9179
9197
9178
9174
9187
9182
9178
9188
9194
9180
9166
9183
9161
9177
9185
9186
9187
9176
9182
9178
9193
9172
9178
9196
9178
9183
9178
9193
9179
9173
9182
9193
9175
9172
9182
9181
9172
9168
9187
9170
9183
9180
9167
9185
9172
9192
9180
9200
9197
9175
9183
9172
9183
9206
9190
9178
9191
9192
9190
9182
9174
9177
9192
9189
9196
9177
9172
9176
9167
9197
9204
9174
9196
9205
9187
9189
9196
9172
9179
9193
9180
9185
9177
9179
9183
9181
9175
9176
9198
9169
9175
9175
9189
9184
9182
9188
9197
9176
9182
9173
9173
9199
9175
9181
9175
9166
9181
9180
9184
9195
9169
9168
9185
9181
9190
9182
9179
9185
9185
9194
9183
9183
9160
9194
9190
9179
9183
9184
9195
9176
9182
9191
9180
9190
9193
9174
9178
9181
9193
9186
9184
9190
9190
9168
9179
9194
9186
9170
9177
9176
9179
9186
9199
9189
9186
9175
9189
9181
9177
9178
9172
9176
9177
9172
9167
9175
9191
9180
9181
9188
9179
9185
9178
9176
9177
9175
9172
9173
9179
9160
9174
9180
9207
9181
9163
9177
9172
9175
9184
9201
9188
9199
9187
9184
9176
9178
9177
9203
9198
9192
9180
9179
9186
9182
9176
9177
9190
9193
9188
9187
9195
9191
9179
9179
9178
9163
9202
9176
9177
9176
9181
9181
9184
9181
9174
9172
9175
9176
9186
9180
9170
9181
9180
9171
9180
9181
9185
9186
9170
9176
9180
9199
9197
9182
9184
9179
9195
9169
9182
9182
9202
9208
9179
9190
9182
9187
9170
9182
9181
9179
9179
9187
9183
9179
9173
9189
