13348
13372
13337
13349
13327
13335
13346
13340
13351
13333
13328
13372
13359
13359
13321
13348
13331
13339
13331
13344
13346
13335
13340
13346
13355
13347
13356
13362
13355
13357
13349
13340
13347
13361
13329
13348
13326
13324
13350
13355
13345
13360
13341
13345
13345
13315
13348
13344
13343
13352
13331
13370
13336
13373
13364
13347
13348
13348
13339
13352
13350
13339
13370
13346
13341
13360
13338
13348
13371
13362
13344
13339
13356
13359
13328
13341
13347
13356
13344
13335
13321
13352
13344
13349
13341
13349
13360
13321
13348
13360
13342
13338
13360
13338
13345
13345
13346
13360
13364
13342
13348
13365
13339
13358
13339
13358
13364
13330
13337
13360
13342
13340
13339
13334
13337
13356
13348
13352
13366
13356
13339
13344
13354
13342
13355
13344
13338
13341
13351
13344
13331
13348
13354
13343
13328
13346
13320
13345
13339
13360
13363
13345
13364
13329
13347
13360
13348
13360
13342
13342
13347
13325
13349
13349
13332
13342
13355
13345
13339
13366
13333
13342
13371
13342
13341
13323
13361
13354
13350
13332
13354
13356
13356
13351
13349
13346
13341
13370
13349
13338
13354
13340
13342
13350
13365
13348
13344
13348
13329
13345
13368
13348
13337
13342
13347
13338
13345
13341
13342
13356
13363
13349
13349
13352
13352
13330
13332
13357
13351
13360
13334
13331
13342
13359
13348
13367
13342
13355
13344
13329
13329
13341
13339
13334
13338
13335
13361
13339
13341
13343
13346
13346
13339
13344
13354
13336
13354
13359
13332
13344
13350
13335
13335
13333
13358
13356
13345
13338
13333
13337
13337
13330
13350
13345
13351
13360
13328
13357
13332
13345
13337
13333
13339
13330
13350
13340
13361
13339
13341
13345
13358
13342
13330
13358
13362
13338
13350
13324
13339
13352
13337
13335
13366
13340
13341
13374
13350
13352
13343
13356
13349
13343
13357
13343
13335
13346
13346
13357
13350
13345
13367
13350
13362
13350
13349
13347
13340
13330
13360
13358
13351
13377
13333
13362
13341
13342
13354
13356
13353
13346
13344
13351
13343
13366
13347
13340
13336
13364
13339
13339
13331
13357
13340
13347
13362
13337
13363
13347
13363
13335
13348
13350
13361
13377
13340
13356
13337
13345
13330
13349
13330
13343
13348
13352
13347
13351
13334
13337
13362
13368
13331
13361
13351
13341
13365
13334
13334
13340
13362
13334
13342
13352
13374
13350
13339
13359
13330
13353
13344
13334
13334
13336
13335
13356
13345
13345
13356
13345
13350
13344
13356
13334
13349
13347
13350
13352
13340
13322
13348
13335
13337
13352
13328
13364
13350
13342
13337
13345
13313
13330
13375
13358
13363
13346
13342
13339
13352
13343
13331
13344
13357
13346
13353
13327
13332
13345
13344
13349
13348
13354
13333
13329
13336
13357
13368
13351
13349
13345
13329
13337
13358
13352
13359
13332
13353
13353
13357
13341
13343
13329
13350
13347
13342
13350
13351
13345
13350
13358
13340
13327
13345
13343
13344
13343
13336
13356
13355
13369
13362
13359
13356
13330
13323
13344
13352
13338
13328
13370
13340
13357
13362
13317
13359
13352
13337
13317
13328
13351
13339
13331
13344
13339
13354
13352
13342
13367
13358
13338
13354
13349
13342
13323
13320
13360
13345
13338
13352
13339
13351
13372
13369
13329
13360
13314
13340
13365
13367
13362
13330
13325
13352
13350
13343
13357
13378
13317
13340
13339
13357
13362
13348
13349
13332
13322
13342
13349
13350
13376
13353
13358
13334
13366
13363
13361
13350
13366
13322
13346
13337
13360
13341
13354
13352
13330
13347
13348
13366
13334
13334
13339
13363
13363
13342
13335
13353
13357
13334
13333
13348
13346
13337
13337
13348
13360
13352
13349
13344
13346
13358
13352
13349
13355
13353
13342
13339
13336
13347
13348
13346
13345
13336
13362
13335
13348
13341
13329
13363
13352
13358
13339
13345
13361
13329
13365
13353
13323
13342
13335
13358
13341
13345
13332
13319
13345
13352
13334
13349
13323
13353
13351
13354
13340
13354
13368
13336
13375
13358
13340
13330
13346
13352
13353
13356
13340
13364
13360
13325
13354
13336
13344
13320
13341
13341
13340
13342
13338
13325
13347
13345
13347
13338
13365
13350
13352
13337
13361
13356
13333
13332
13336
13332
13344
13322
13350
13332
13340
13341
13350
13348
13350
13355
13356
13338
13348
13348
13354
13346
13349
13339
13361
13331
13351
13359
13353
13335
13350
13372
13350
13377
13349
13379
13332
13339
13341
13343
13340
13356
13349
13351
13351
13344
13338
13355
13354
13349
13342
13353
13370
13338
13347
13373
13341
13346
13349
13361
13353
13326
13358
13344
13346
13360
13336
13364
13372
13333
13354
13367
13338
13349
13330
13348
13334
13346
13350
13365
13336
13331
13331
13347
13342
13329
13332
13327
13354
13329
13364
13327
13334
13345
13368
13361
13343
13341
13356
13360
13349
13331
13346
13355
13340
13363
13342
13340
13350
13361
13317
13327
13343
13339
13353
13343
13337
13354
13352
13361
13348
13342
13353
13347
13345
13355
13342
13335
13332
13343
13353
13356
13360
13343
13333
13332
13337
13335
13357
13333
13348
13352
13347
13367
13352
13359
13349
13334
13373
13367
13359
13349
13353
13341
13349
13338
13348
13351
13335
13344
13365
13330
13316
13324
13330
13364
13345
13349
13358
13344
13343
13369
13353
13356
13335
13333
13346
13341
13342
13340
13357
13353
13360
13345
13355
13365
13341
13340
13358
13334
13333
13336
13339
13348
13372
13334
13339
13358
13348
13343
13351
13374
13336
13331
13355
13346
13332
13340
13350
13349
13328
13343
13335
13335
13349
13348
13331
13327
13330
13343
13354
13341
13348
13344
13327
13339
13346
13341
13343
13349
13346
13352
13332
13348
13331
13349
13347
13362
13334
13350
13354
13350
13334
13331
13346
13329
13359
13346
13349
13334
13353
13358
13330
13356
13364
13339
13359
13333
13346
13335
13315
13366
13344
13342
13336
13330
13352
13341
13318
13358
13325
13335
13341
13346
13360
13336
13349
13336
13327
13350
13339
13348
13341
13354
13336
13352
13335
13364
13357
13354
13339
13370
13338
13338
13346
13347
13352
13349
13349
13369
13328
13343
13341
13349
13364
13350
13354
13357
13352
13338
13347
13330
13356
13361
13349
13350
13324
13356
13332
13361
13327
13331
13333
13363
13325
13340
13358
13341
13337
13344
13322
13354
13337
13358
13342
13357
13346
13332
13346
13347
13354
13351
13345
13335
13336
