6445
6435
6437
6428
6432
6435
6450
6427
6439
6444
6438
6451
6442
6448
6441
6429
6442
6439
6436
6440
6441
6441
6434
6445
6439
6443
6431
6438
6439
6431
6433
6426
6430
6425
6442
6450
6447
6430
6430
6429
6450
6430
6444
6440
6457
6435
6436
6427
6442
6420
6434
6432
6430
6437
6443
6430
6434
6441
6430
6418
6447
6462
6437
6436
6447
6445
6436
6439
6434
6437
6428
6430
6441
6441
6428
6434
6445
6450
6438
6439
6446
6441
6437
6444
6452
6433
6447
6437
6436
6434
6441
6432
6426
6447
6443
6427
6436
6445
6435
6433
6428
6446
6439
6446
6430
6440
6431
6436
6436
6440
6431
6451
6438
6442
6444
6449
6422
6437
6437
6453
6435
6449
6431
6436
6444
6436
6430
6453
6442
6434
6429
6437
6440
6438
6431
6440
6424
6443
6431
6436
6442
6443
6430
6434
6439
6435
6432
6445
6431
6421
6436
6452
6440
6434
6432
6425
6447
6437
6428
6433
6439
6432
6442
6427
6439
6442
6450
6430
6442
6437
6438
6421
6439
6441
6439
6436
6447
6435
6432
6439
6438
6425
6443
6422
6438
6434
6427
6434
6434
6441
6433
6440
6448
6438
6448
6439
6434
6438
6443
6444
6452
6435
6437
6427
6439
6445
6449
6440
6428
6436
6440
6436
6436
6431
6442
6447
6429
6435
6439
6428
6437
6439
6442
6441
6435
6435
6448
6430
6435
6446
6431
6434
6448
6434
6428
6443
6443
6446
6435
6432
6448
6441
6449
6450
6430
6441
6434
6436
6436
6440
6443
6444
6438
6436
6446
6446
6441
6443
6435
6457
6454
6433
6429
6433
6436
6438
6427
6433
6442
6441
6445
6433
6430
6433
6442
6434
6440
6435
6434
6438
6438
6436
6442
6448
6433
6442
6436
6438
6429
6440
6451
6447
6429
6427
6425
6459
6452
6446
6441
6426
6449
6432
6432
6432
6431
6441
6435
6430
6435
6433
6446
6443
6436
6429
6438
6447
6447
6445
6436
6436
6442
6437
6441
6441
6432
6435
6422
6440
6434
6437
6435
6439
6430
6435
6445
6435
6439
6444
6435
6440
6436
6428
6439
6440
6435
6432
6439
6440
6436
6418
6445
6444
6429
6433
6435
6440
6434
6433
6448
6430
6439
6432
6423
6434
6433
6432
6445
6444
6440
6438
6435
6435
6434
6440
6445
6433
6433
6434
6434
6433
6429
6452
6444
6442
6450
6439
6429
6446
6456
6436
6434
6444
6437
6440
6430
6440
6423
6440
6430
6439
6441
6440
6448
6432
6436
6433
6440
6442
6434
6430
6422
6442
6432
6436
6441
6444
6443
6432
6437
6430
6448
6439
6438
6440
6437
6433
6444
6439
6437
6438
6441
6432
6435
6428
6449
6444
6443
6436
6454
6438
6434
6430
6432
6445
6441
6446
6439
6438
6448
6435
6437
6437
6436
6443
6433
6443
6440
6439
6453
6428
6449
6452
6435
6437
6431
6437
6443
6448
6436
6427
6441
6442
6450
6441
6422
6442
6442
6428
6443
6437
6441
6440
6434
6435
6444
6446
6445
6423
6436
6429
6436
6424
6448
6426
6434
6439
6435
6440
6438
6440
6439
6433
6442
6433
6430
6435
6437
6428
6447
6439
6430
6456
6437
6445
6438
6440
6439
6427
6438
6440
6431
6435
6433
6425
6441
6434
6434
6441
6440
6445
6441
6443
6429
6444
6427
6437
6437
6442
6448
6428
6437
6429
6436
6435
6438
6432
6438
6436
6442
6439
6435
6430
6436
6438
6431
6427
6445
6449
6435
6437
6439
6447
6444
6442
6449
6432
6428
6439
6429
6447
6433
6445
6445
6432
6441
6429
6438
6444
6447
6448
6427
6428
6428
6449
6445
6436
6448
6439
6441
6432
6436
6436
6448
6438
6429
6425
6428
6453
6442
6439
6429
6430
6432
6446
6443
6431
6437
6437
6440
6440
6437
6438
6457
6431
6427
6444
6431
6432
6428
6441
6436
6442
6430
6427
6424
6444
6434
6427
6451
6432
6437
6453
6435
6451
6443
6439
6440
6427
6450
6429
6439
6442
6428
6423
6434
6438
6436
6439
6438
6441
6435
6425
6441
6442
6431
6441
6429
6431
6440
6426
6442
6433
6439
6433
6451
6435
6435
6435
6444
6449
6425
6428
6445
6419
6441
6441
6431
6430
6436
6430
6435
6428
6443
6437
6421
6433
6437
6443
6433
6434
6437
6444
6436
6427
6437
6441
6438
6444
6430
6433
6441
6448
6447
6435
6439
6432
6445
6446
6437
6429
6429
6442
6438
6430
6437
6432
6435
6459
6436
6439
6434
6440
6442
6436
6439
6431
6440
6433
6445
6432
6453
6434
6433
6437
6440
6429
6430
6438
6438
6443
6428
6435
6429
6434
6434
6439
6447
6436
6438
6438
6433
6444
6429
6442
6442
6430
6443
6433
6440
6445
6439
6444
6434
6433
6446
6439
6440
6438
6440
6437
6433
6443
6440
6444
6447
6430
6432
6437
6436
6440
6436
6441
6441
6441
6445
6448
6444
6430
6439
6423
6438
6432
6434
6438
6440
6446
6433
6436
6441
6428
6429
6435
6432
6439
6445
6440
6437
6440
6451
6428
6448
6450
6440
6445
6440
6443
6424
6440
6436
6434
6435
6433
6438
6426
6435
6447
6424
6439
6440
6453
6439
6441
6438
6428
6442
6438
6434
6437
6428
6428
6443
6424
6445
6432
6433
6434
6446
6438
6439
6428
6431
6436
6432
6448
6437
6437
6433
6429
6438
6444
6448
6443
6444
6432
6439
6433
6438
6428
6431
6435
6438
6437
6439
6436
6441
6441
6424
6436
6449
6440
6435
6427
6446
6423
6433
6444
6447
6436
6438
6436
6435
6429
6436
6443
6436
6438
6434
6432
6448
6441
6433
6440
6440
6442
6431
6429
6435
6434
6426
6425
6437
6429
6448
6436
6430
6440
6433
6434
6421
6432
6436
6427
6441
6436
6432
6445
6448
6431
6435
6439
6430
6432
6436
6451
6443
6445
6443
6433
6439
6439
6442
6447
6445
6444
6435
6439
6449
6441
6438
6439
6435
6449
6439
6446
6432
6439
6444
6457
6442
6423
6443
6437
6433
6442
6455
6433
6445
6461
6442
6436
6442
6434
6443
6440
6456
6435
6436
6434
6434
6425
6434
6444
6447
6443
6437
6436
6437
6438
6423
6438
6434
6446
6432
6433
6437
6438
6433
6441
6426
6431
