6459
6464
6458
6461
6465
6471
6445
6452
6456
6456
6461
6464
6467
6458
6444
6473
6465
6455
6458
6457
6443
6461
6464
6461
6450
6457
6457
6456
6456
6463
6446
6441
6453
6460
6470
6455
6458
6457
6443
6463
6464
6466
6451
6472
6477
6459
6467
6449
6455
6450
6451
6459
6445
6464
6479
6455
6467
6454
6452
6452
6460
6456
6461
6440
6455
6459
6453
6455
6473
6451
6448
6455
6466
6466
6453
6463
6459
6469
6449
6464
6459
6456
6444
6457
6456
6454
6448
6452
6461
6453
6459
6461
6472
6451
6457
6472
6458
6447
6468
6469
6449
6457
6466
6454
6473
6452
6448
6453
6462
6456
6467
6461
6455
6461
6456
6459
6465
6457
6450
6449
6457
6449
6466
6454
6462
6461
6454
6453
6467
6456
6461
6458
6456
6447
6456
6457
6458
6469
6460
6459
6456
6469
6444
6458
6455
6462
6461
6457
6458
6463
6460
6447
6465
6458
6468
6454
6462
6459
6464
6453
6481
6463
6469
6465
6453
6458
6465
6463
6468
6464
6463
6457
6451
6454
6467
6456
6457
6454
6452
6469
6459
6458
6451
6451
6466
6454
6462
6457
6459
6459
6443
6462
6466
6458
6470
6459
6457
6454
6450
6447
6451
6476
6458
6460
6468
6466
6445
6463
6460
6463
6469
6457
6460
6469
6461
6459
6454
6479
6445
6461
6464
6476
6455
6457
6448
6461
6458
6453
6464
6464
6456
6455
6461
6460
6464
6476
6450
6450
6463
6465
6461
6460
6465
6455
6468
6456
6456
6465
6461
6457
6461
6456
6471
6448
6469
6475
6468
6463
6461
6459
6460
6456
6448
6469
6461
6455
6461
6455
6457
6459
6472
6444
6471
6453
6457
6455
6454
6468
6457
6466
6473
6480
6455
6455
6469
6456
6452
6465
6466
6465
6452
6462
6444
6456
6469
6456
6471
6464
6456
6465
6460
6458
6467
6449
6471
6459
6458
6466
6460
6467
6455
6465
6451
6459
6448
6455
6467
6462
6476
6457
6467
6462
6480
6456
6458
6451
6474
6458
6465
6463
6460
6462
6453
6441
6456
6460
6447
6458
6458
6458
6456
6466
6453
6449
6447
6458
6456
6461
6462
6455
6458
6460
6456
6460
6446
6457
6474
6456
6472
6465
6468
6460
6474
6465
6462
6457
6459
6454
6453
6454
6464
6451
6458
6463
6462
6453
6460
6457
6460
6454
6448
6456
6452
6461
6460
6468
6454
6466
6454
6470
6453
6455
6457
6459
6477
6463
6457
6470
6453
6456
6471
6448
6449
6459
6461
6453
6452
6452
6474
6467
6454
6454
6453
6456
6462
6452
6466
6450
6446
6457
6464
6467
6462
6454
6466
6459
6459
6449
6467
6463
6465
6469
6464
6456
6452
6466
6466
6466
6470
6452
6466
6466
6461
6464
6456
6451
6449
6451
6452
6452
6462
6449
6450
6462
6459
6462
6458
6465
6459
6457
6463
6456
6446
6469
6465
6453
6460
6459
6449
6453
6464
6447
6451
6461
6457
6454
6465
6465
6457
6456
6466
6461
6449
6462
6452
6452
6464
6471
6460
6458
6460
6477
6451
6466
6458
6446
6454
6453
6478
6467
6463
6467
6461
6472
6455
6458
6458
6452
6454
6453
6471
6453
6449
6464
6453
6472
6460
6462
6455
6463
6462
6485
6451
6443
6460
6446
6462
6454
6451
6450
6456
6447
6468
6451
6452
6471
6453
6461
6456
6462
6461
6461
6455
6448
6459
6459
6462
6457
6461
6457
6446
6472
6457
6449
6461
6461
6440
6462
6459
6467
6475
6465
6458
6455
6465
6446
6460
6454
6462
6454
6482
6470
6446
6449
6452
6454
6459
6471
6465
6462
6450
6451
6464
6460
6474
6451
6450
6441
6471
6461
6461
6462
6457
6468
6451
6464
6464
6454
6454
6463
6460
6458
6478
6462
6456
6453
6467
6448
6459
6460
6451
6456
6459
6465
6470
6455
6464
6479
6462
6462
6448
6452
6462
6455
6461
6459
6459
6456
6462
6463
6465
6465
6449
6461
6465
6456
6465
6457
6454
6458
6451
6469
6454
6450
6457
6451
6470
6455
6463
6458
6448
6468
6455
6459
6458
6460
6455
6463
6453
6450
6459
6438
6451
6453
6474
6465
6452
6461
6454
6450
6464
6460
6455
6450
6471
6467
6462
6450
6464
6448
6441
6471
6445
6456
6474
6453
6452
6468
6453
6461
6465
6462
6450
6457
6445
6473
6454
6478
6449
6450
6466
6469
6459
6451
6477
6456
6466
6451
6460
6459
6456
6460
6456
6453
6467
6474
6454
6464
6455
6463
6461
6455
6460
6463
6454
6460
6465
6457
6471
6453
6462
6446
6459
6459
6471
6464
6454
6457
6448
6451
6451
6475
6450
6463
6465
6461
6446
6460
6456
6451
6455
6466
6449
6456
6448
6453
6461
6456
6458
6463
6472
6448
6460
6458
6452
6453
6448
6461
6461
6454
6464
6463
6464
6457
6465
6469
6446
6454
6447
6451
6472
6460
6455
6456
6452
6465
6450
6452
6444
6465
6459
6461
6449
6461
6464
6470
6459
6466
6472
6466
6459
6472
6451
6456
6460
6465
6448
6456
6467
6464
6458
6463
6459
6457
6467
6459
6452
6457
6458
6474
6451
6470
6475
6473
6463
6455
6449
6476
6442
6456
6453
6463
6459
6449
6455
6459
6467
6459
6453
6456
6445
6451
6474
6469
6454
6455
6458
6456
6453
6454
6455
6458
6466
6455
6460
6466
6458
6470
6463
6462
6451
6457
6460
6449
6468
6477
6477
6458
6451
6473
6449
6455
6461
6463
6463
6486
6445
6467
6460
6461
6459
6466
6457
6449
6464
6460
6462
6458
6479
6462
6467
6458
6453
6443
6461
6456
6458
6458
6452
6458
6459
6460
6461
6453
6453
6453
6452
6451
6463
6464
6452
6471
6469
6470
6459
6459
6444
6460
6483
6465
6469
6456
6468
6452
6466
6464
6455
6457
6457
6474
6461
6473
6457
6459
6468
6464
6465
6460
6462
6471
6446
6459
6464
6457
6466
6466
6456
6450
6450
6450
6461
6460
6463
6464
6461
6452
6463
6462
6463
6448
6455
6447
6466
6456
6454
6456
6455
6454
6456
6452
6476
6457
6468
6459
6471
6447
6454
6452
6451
6453
6452
6454
6460
6457
6455
6466
6469
6461
6470
6450
6446
6454
6472
6455
6454
6452
6467
6462
6462
6450
