70414
70353
70389
70266
70233
70320
70387
70299
70348
70348
70308
70342
70321
70283
70369
70353
70282
70383
70283
70345
70388
70332
70386
70315
70301
70405
70354
70333
70351
70293
70332
70380
70372
70429
70303
70333
70326
70319
70399
70347
70361
70361
70418
70345
70277
70321
70355
70280
70376
70319
70287
70317
70324
70340
70314
70284
70332
70386
70320
70392
70319
70308
70302
70397
70351
70295
70349
70329
70365
70344
70324
70343
70354
70412
70416
70290
70358
70327
70371
70290
70351
70411
70377
70307
70345
70368
70325
70323
70405
70376
70280
70328
70384
70329
70431
70311
70279
70349
70376
70337
70394
70393
70350
70287
70423
70348
70338
70302
70368
70342
70393
70287
70341
70382
70310
70318
70343
70363
70404
70337
70304
70382
70368
70287
70362
70348
70332
70348
70373
70285
70358
70327
70374
70388
70306
70324
70291
70330
70351
70344
70358
70293
70295
70328
70287
70440
70313
70353
70309
70318
70399
70350
70325
70322
70366
70269
70311
70348
70367
70301
70285
70299
70328
70311
70343
70389
70326
70329
70395
70361
70435
70282
70337
70345
70359
70297
70378
70341
70371
70426
70372
70376
70388
70318
70391
70357
70373
70382
70318
70350
70321
70294
70368
70348
70345
70322
70324
70377
70297
70327
70311
70432
70344
70324
70304
70327
70320
70341
70380
70325
70389
70318
70304
70331
70351
70341
70358
70358
70404
70331
70277
70396
70346
70380
70328
70276
70399
70346
70370
70377
70356
70404
70345
70445
70333
70325
70326
70389
70368
70412
70389
70462
70359
70341
70311
70304
70352
70314
70338
70343
70338
70382
70393
70337
70369
70424
70310
70398
70371
70403
70364
70361
70380
70391
70409
70426
70369
70406
70411
70419
70302
70390
70378
70311
70365
70343
70350
70364
70401
70319
70362
70359
70359
70397
70372
70376
70356
70344
70356
70397
70370
70315
70381
70335
70403
70327
70327
70358
70351
70314
70389
70423
70349
70371
70345
70330
70365
70388
70333
70418
70363
70311
70399
70307
70333
70352
70329
70391
70384
70383
70367
70311
70333
70364
70374
70374
70376
70395
70299
70367
70375
70356
70355
70302
70374
70349
70416
70292
70384
70382
70348
70386
70358
70350
70372
70345
70340
70366
70392
70324
70327
70391
70377
70380
70326
70331
70259
70446
70347
70322
70344
70317
70362
70297
70360
70325
70371
70301
70307
70357
70291
70372
70367
70422
70292
70342
70315
70362
70295
70297
70374
70360
70293
70406
70364
70405
70263
70473
70359
70299
70374
70323
70321
70356
70291
70288
70392
70411
70279
70311
70310
70415
70362
70305
70361
70312
70333
70296
70354
70367
70378
70251
70285
70449
70372
70394
70330
70343
70378
70358
70410
70343
70421
70433
70299
70360
70349
70382
70394
70292
70334
70326
70300
70337
70296
70374
70328
70282
70310
70361
70412
70391
70306
70286
70371
70339
70323
70345
70374
70367
70311
70354
70351
70408
70373
70352
70382
70355
70353
70383
70347
70305
70373
70404
70368
70416
70285
70332
70349
70405
70389
70269
70362
70345
70355
70321
70413
70280
70333
70378
70315
70341
70322
70330
70309
70332
70359
70266
70308
70336
70385
70406
70334
70311
70368
70332
70329
70288
70289
70382
70399
70346
70337
70371
70363
70345
70387
70306
70323
70350
70311
70319
70329
70312
70348
70361
70290
70380
70316
70316
70349
70307
70327
70350
70341
70426
70287
70345
70288
70337
70369
70347
70334
70356
70432
70325
70354
70306
70309
70319
70288
70400
70369
70404
70301
70232
70378
70379
70320
70306
70361
70320
70310
70385
70338
70357
70408
70371
70352
70296
70326
70346
70339
70346
70333
70415
70314
70352
70361
70283
70365
70381
70276
70394
70399
70313
70305
70427
70382
70328
70337
70289
70321
70393
70359
70342
70352
70362
70313
70325
70333
70435
70357
70366
70399
70286
70311
70392
70332
70333
70370
70362
70404
70395
70344
70363
70328
70339
70284
70320
70340
70388
70315
70298
70358
70314
70294
70333
70398
70402
70377
70308
70310
70375
70314
70272
70436
70376
70376
70296
70360
70353
70363
70277
70374
70419
70343
70309
70340
70331
70354
70297
70353
70342
70370
70282
70315
70365
70307
70302
70341
70379
70285
70416
70308
70315
70341
70359
70306
70314
70406
70414
70331
70315
70358
70325
70339
70299
70367
70368
70300
70358
70339
70276
70417
70300
70367
70376
70366
70385
70370
70372
70363
70398
70357
70343
70332
70292
70380
70342
70390
70351
70369
70315
70339
70378
70383
70311
70391
70328
70292
70330
70365
70355
70340
70316
70365
70360
70297
70345
70323
70308
70355
70294
70395
70364
70368
70379
70432
70308
70361
70339
70351
70334
70346
70340
70325
70319
70334
70476
70385
70318
70386
70354
70307
70299
70330
70317
70374
70363
70401
70359
70383
70405
70417
70356
70379
70355
70358
70371
70345
70368
70381
70329
70304
70296
70356
70284
70323
70349
70354
70383
70323
70422
70354
70309
70458
70389
70319
70391
70348
70273
70337
70354
70311
70235
70277
70352
70296
70342
70402
70417
70406
70358
70374
70347
70416
70263
70357
70431
70364
70297
70370
70341
70282
70312
70317
70374
70318
70382
70326
70251
70398
70359
70325
70285
70291
70294
70394
70298
70366
70440
70349
70334
70317
70304
70295
70290
70457
70325
70249
70274
70290
70395
70392
70336
70366
70354
70383
70329
70303
70334
70344
70349
70346
70283
70388
70311
70351
70290
70321
70325
70297
70338
70308
70343
70318
70374
70321
70406
70380
70358
70422
70343
70298
70303
70368
70364
70316
70334
70365
70316
70316
70355
70307
70357
70350
70364
70363
70338
70296
70461
70395
70314
70359
70334
70310
70357
70401
70356
70320
70319
70389
70375
70362
70357
70388
70385
70312
70414
70456
70302
70412
70459
70332
70353
70318
70331
70312
70306
70376
70288
70323
70361
70356
70342
70354
70415
70359
70345
70351
70314
70311
70272
70285
70317
70348
70367
70296
70365
70418
70412
70323
70360
70425
70340
70359
70319
70368
70306
70287
70353
70410
70330
70388
70312
70340
70307
70357
70309
70334
70304
70328
70362
70375
70356
70410
70339
70356
70436
70270
70325
70274
70346
70362
70321
70355
70411
70350
70360
70394
70340
70291
70383
70358
70327
70385
70352
70315
70340
70296
70365
70339
70286
70317
70365
70324
70361
70319
70349
70339
70360
70367
70389
70383
70370
70329
70345
70349
70349
70355
70341
70316
70408
70336
70355
70293
70370
70284
70333
