18963
18969
18986
18956
18978
18982
18941
18974
18951
19003
18970
18963
19002
18962
18978
18965
18968
18966
18991
18977
19003
18972
18979
19000
18969
18981
18993
18955
18978
18981
18983
18989
18948
18973
19004
18965
18957
18961
18987
18972
18971
18991
18986
18997
18961
18978
18974
18975
18989
18974
18967
18981
18988
18985
18962
18981
18973
18962
18985
18995
18971
18991
18977
18979
18985
18981
18984
18956
18986
18965
18978
19015
18983
18967
18954
18981
18984
19012
18985
18980
18979
18992
18969
18965
18993
18975
18983
18999
18967
18959
18988
18976
18970
18962
19001
18977
18991
18967
18979
18999
18964
18978
18978
18950
18983
18979
18966
18982
18999
18988
18983
18982
18993
18983
19001
18972
18966
18974
19003
18996
18972
18969
18985
18985
18978
18979
18974
18971
18973
18960
18971
18985
18983
19003
18970
18981
19007
18984
18988
18991
18976
18984
18976
18967
18987
18950
18960
18984
18980
18963
18979
18970
18955
19001
18972
18978
18979
18980
18965
18997
18959
18978
18970
18971
18977
18970
18978
18994
18979
18993
18984
18965
18993
18978
18964
18998
18970
18993
18958
18975
18975
18973
18980
18986
18963
18962
18984
18967
18994
18983
18977
18976
18993
18986
18957
18974
19005
18950
18999
18980
18946
18978
18981
18996
18989
18970
18994
18976
18963
18977
18982
18989
18988
18955
18996
18977
18967
18972
18954
18966
18962
18989
18979
18989
18992
18978
18989
18969
18954
18972
18955
19003
18953
18971
18975
18993
18961
19001
18979
18972
18997
18960
18976
18978
18969
18974
18983
19007
18972
18976
19006
18970
18973
18990
18979
18970
18965
18973
18978
18979
18985
18973
18981
18994
18976
18956
18981
18972
18956
18950
18975
18966
18985
18972
18971
18990
18991
18993
18967
18967
18970
18993
18985
18981
18988
18969
18987
18977
18982
18975
18958
18979
18971
18983
18975
18977
18974
18974
18971
19013
18967
18986
18974
18964
18970
18985
19005
18970
18990
18962
18981
18966
18989
18960
18990
18997
19004
18960
18970
18973
18981
18969
18983
18969
18963
18978
18972
18988
18963
18956
18937
18994
18985
18975
18999
18963
18972
18957
18985
18974
18980
18961
18983
18979
18996
18986
18972
18998
18994
18951
18983
18997
18987
18977
18981
18961
18973
18977
18967
18969
18958
18970
18970
18979
18958
18965
18994
18958
18962
18976
18973
19014
18937
18977
18969
18978
18983
18966
18970
18975
18953
18992
18969
18967
18972
18974
18972
18977
18998
18960
18990
19001
18985
18991
18959
18979
18984
18974
18989
18987
18991
18984
18978
18993
18956
18994
18977
18973
18978
18983
18999
18988
18971
18983
18972
18976
18976
18991
18982
18970
18963
19024
18966
18983
18975
18953
18975
18960
18958
18978
18992
18997
18979
18968
18976
18944
18964
18998
18997
18968
18967
18991
18988
18998
18978
18980
18957
18973
18972
18958
18987
18964
18946
18980
18980
18998
18984
18965
18982
18976
18987
18950
18964
18978
18968
18977
19004
18957
18969
18965
18985
18986
18970
18960
18960
19009
18988
18969
18984
18959
18983
18991
19003
18977
18989
18984
18948
18975
18957
18985
18997
18973
18968
18979
18976
18964
18975
18975
18970
18969
18976
18949
18975
18959
18990
18985
18971
18978
18975
18990
18978
18999
18950
18977
18988
18974
18986
18958
18978
18984
18984
18977
18979
18962
18983
18967
18986
18972
18966
18955
18969
18985
18983
18979
18977
18984
18985
18977
18999
18976
18978
18982
18976
18956
18965
18981
18956
18970
18969
18979
18976
18970
18990
18990
18980
18970
18949
18978
18990
18969
18966
18965
18986
18968
18967
18965
18966
18964
19000
18981
18991
18989
18960
18997
18983
18984
18982
18955
18979
18982
18984
18983
18991
18987
18985
18960
18981
18995
18975
18975
18970
18961
18996
18967
18971
18998
18970
18981
18989
18977
18945
18998
18993
18951
19005
18964
18989
18959
18976
18976
18981
18975
19007
18965
18988
18988
18969
18997
18981
18978
18991
18994
18985
18980
18978
18974
18979
19002
18963
18974
18976
18983
18976
18970
18986
18992
19002
18963
18980
18985
18967
18961
18993
18986
18978
18995
18970
18973
18991
18990
18976
18992
18958
18956
18982
18980
18976
18991
18993
18965
18982
18978
18995
18973
18971
18988
18973
18977
19002
18991
18983
18978
19008
18967
18975
18998
18964
18993
18955
18958
18974
18985
18970
18983
18993
18972
18986
18977
18972
19002
18967
19008
18953
18982
18951
18993
18991
18990
18982
18972
18977
18982
18986
18967
18973
18985
18992
18976
18971
18974
18961
18968
18978
18988
18986
18964
19011
18993
18985
18970
18954
18971
18984
19003
18970
18970
18986
18966
18996
18999
18975
18987
18978
18985
18979
18964
18966
18945
18954
18986
18966
18961
18990
18971
18973
18973
18948
18972
18959
18975
18967
18972
18957
18977
18934
19000
18976
18994
18968
18953
18998
18952
18974
18971
18987
18964
18980
18992
18978
18982
18974
18986
18950
18982
18993
18960
18991
18987
18965
18977
18968
18981
18971
18997
18975
18976
18978
18979
18989
19009
18981
18955
18971
18960
18980
18999
18967
18965
18993
18967
18953
18981
18963
19000
18976
18996
18982
18978
19008
18959
18985
18972
18959
18988
18990
18953
18967
18967
19006
18981
18964
18993
18979
18976
18969
18957
18951
18975
18979
18984
18988
18978
18967
18971
18957
18986
18984
18967
18996
18982
18958
18987
18988
18990
18978
18986
18957
18971
18968
18985
18990
18998
18991
18967
18964
18979
18968
18979
18967
18985
18971
18983
18968
18964
19003
18983
18965
18987
18980
18958
18994
18970
18950
18982
18952
19003
18970
18962
18967
18996
18997
18955
18970
18988
18968
18977
18962
18977
18969
18978
18989
18990
18990
18982
18966
18992
18979
18986
18964
18992
18977
18985
18987
18982
18985
18964
18972
18973
18985
18987
18978
18942
18964
18986
19005
18946
18955
18972
18963
19004
18965
18971
18991
18985
18960
18966
18969
18986
18959
18998
18961
18972
18984
19015
19000
18998
18963
18967
18975
18988
18981
18978
18997
18967
18980
18985
18973
18976
18956
18983
18960
18966
18978
18960
18990
19004
19001
18985
19007
19003
18964
18982
18958
18966
18982
18981
18990
18967
18961
18985
18980
18974
18970
18987
18966
18995
18981
18947
18981
18973
18993
18969
18951
19019
18982
18973
18947
18988
18978
19015
18995
18977
18970
18978
18959
18989
18975
18980
18969
18983
