30877
30880
30879
30892
30882
30874
30880
30880
30873
30865
30887
30873
30888
30878
30865
30886
30875
30885
30878
30894
30875
30894
30876
30878
30877
30885
30878
30875
30875
30878
30888
30892
30880
30876
30893
30886
30889
30867
30878
30881
30881
30873
30876
30881
30879
30875
30889
30858
30871
30898
30881
30873
30874
30894
30892
30871
30881
30889
30881
30883
30878
30869
30884
30883
30886
30876
30868
30873
30859
30874
30888
30872
30882
30871
30883
30888
30882
30875
30879
30870
30877
30871
30864
30881
30887
30886
30880
30893
30879
30869
30873
30867
30889
30867
30881
30886
30888
30895
30876
30889
30880
30876
30887
30882
30888
30886
30877
30880
30886
30882
30863
30876
30878
30872
30871
30857
30885
30877
30885
30879
30881
30875
30897
30864
30853
30879
30865
30879
30885
30866
30883
30874
30875
30877
30878
30872
30900
30881
30884
30881
30878
30877
30886
30875
30887
30893
30871
30867
30890
30886
30879
30883
30878
30888
30889
30877
30880
30878
30882
30896
30868
30863
30875
30890
30871
30884
30865
30871
30889
30886
30885
30888
30869
30869
30886
30870
30882
30866
30877
30880
30876
30877
30883
30882
30875
30877
30879
30887
30871
30877
30876
30871
30865
30880
30876
30888
30884
30874
30887
30856
30871
30877
30882
30873
30869
30879
30871
30867
30872
30873
30878
30878
30871
30881
30897
30877
30883
30885
30883
30879
30869
30866
30899
30895
30871
30884
30876
30888
30874
30863
30874
30878
30884
30879
30884
30884
30884
30877
30884
30888
30879
30882
30874
30862
30886
30877
30887
30876
30879
30872
30878
30886
30878
30882
30889
30873
30874
30886
30881
30869
30863
30880
30887
30883
30871
30888
30879
30887
30890
30872
30877
30880
30881
30874
30869
30890
30865
30872
30870
30886
30881
30879
30875
30871
30880
30899
30888
30869
30882
30888
30900
30879
30876
30865
30893
30872
30879
30882
30878
30883
30869
30889
30867
30862
30878
30880
30886
30870
30884
30888
30876
30879
30853
30881
30885
30883
30884
30888
30874
30878
30878
30873
30871
30877
30879
30871
30878
30871
30893
30882
30878
30875
30868
30879
30885
30878
30885
30874
30900
30868
30892
30861
30867
30885
30890
30893
30889
30892
30872
30883
30877
30874
30873
30878
30898
30891
30864
30871
30883
30872
30882
30866
30890
30878
30882
30880
30877
30870
30869
30872
30879
30880
30894
30869
30879
30879
30877
30886
30882
30878
30874
30878
30875
30877
30878
30865
30887
30892
30870
30884
30886
30881
30892
30876
30862
30890
30873
30873
30891
30872
30880
30884
30895
30875
30878
30866
30865
30871
30883
30882
30884
30882
30886
30873
30875
30883
30867
30879
30890
30879
30871
30888
30878
30889
30857
30876
30877
30872
30868
30865
30882
30879
30880
30880
30870
30883
30865
30869
30895
30870
30878
30887
30871
30888
30886
30871
30892
30884
30885
30888
30878
30884
30877
30870
30878
30885
30883
30894
30878
30871
30878
30874
30890
30892
30883
30871
30866
30889
30876
30864
30878
30871
30881
30871
30876
30869
30866
30884
30865
30878
30871
30899
30893
30883
30884
30889
30880
30879
30897
30876
30891
30871
30879
30874
30882
30882
30872
30886
30865
30883
30901
30865
30873
30870
30885
30876
30867
30870
30876
30891
30874
30881
30867
30888
30888
30873
30876
30877
30891
30873
30876
30904
30863
30863
30886
30863
30876
30870
30893
30896
30875
30873
30895
30877
30892
30880
30875
30900
30882
30879
30883
30881
30884
30882
30884
30887
30871
30874
30876
30872
30883
30891
30880
30861
30870
30884
30869
30882
30887
30881
30875
30867
30885
30881
30891
30906
30895
30878
30878
30873
30879
30889
30867
30879
30872
30876
30900
30864
30870
30867
30897
30884
30874
30880
30893
30875
30883
30873
30876
30886
30875
30884
30880
30889
30860
30874
30885
30882
30890
30866
30872
30876
30873
30878
30881
30894
30880
30882
30873
30857
30875
30880
30863
30880
30865
30888
30884
30862
30879
30871
30882
30889
30867
30881
30866
30875
30880
30881
30879
30882
30882
30879
30882
30864
30883
30883
30869
30887
30873
30869
30889
30881
30898
30881
30889
30876
30864
30872
30889
30873
30887
30903
30879
30882
30875
30890
30886
30878
30888
30880
30890
30864
30888
30884
30885
30893
30876
30869
30887
30871
30889
30868
30893
30885
30869
30883
30884
30886
30887
30860
30883
30873
30883
30868
30877
30877
30885
30882
30870
30880
30889
30864
30868
30887
30879
30850
30891
30882
30877
30875
30882
30889
30872
30875
30893
30880
30876
30880
30869
30878
30889
30887
30896
30891
30873
30887
30880
30893
30876
30872
30875
30877
30884
30888
30886
30864
30873
30874
30879
30880
30873
30885
30883
30872
30877
30886
30887
30881
30882
30881
30878
30875
30876
30862
30886
30875
30872
30904
30906
30868
30899
30876
30871
30888
30881
30872
30883
30887
30895
30879
30874
30877
30868
30881
30884
30894
30883
30881
30882
30878
30867
30878
30885
30907
30873
30895
30873
30887
30857
30876
30887
30881
30870
30881
30896
30881
30889
30866
30860
30887
30882
30880
30859
30884
30884
30875
30876
30870
30897
30880
30875
30866
30880
30888
30867
30875
30878
30878
30871
30883
30893
30865
30893
30881
30872
30875
30869
30879
30876
30874
30879
30887
30874
30871
30884
30865
30879
30866
30864
30877
30891
30887
30881
30881
30892
30870
30891
30875
30873
30879
30871
30870
30891
30887
30883
30889
30894
30878
30889
30891
30878
30884
30868
30866
30883
30873
30891
30883
30883
30872
30879
30874
30882
30889
30882
30893
30871
30885
30871
30868
30876
30893
30872
30879
30872
30882
30879
30890
30886
30879
30895
30885
30888
30890
30893
30890
30868
30879
30879
30880
30872
30879
30877
30858
30880
30898
30884
30869
30877
30886
30870
30873
30897
30873
30874
30883
30891
30858
30869
30883
30879
30897
30877
30884
30876
30891
30884
30895
30866
30883
30888
30865
30884
30889
30900
30871
30877
30877
30882
30877
30888
30883
30889
30882
30882
30877
30887
30895
30887
30863
30885
30894
30870
30893
30893
30888
30886
30880
30864
30876
30881
30876
30881
30875
30863
30887
30888
30877
30879
30878
30871
30870
30891
30892
30881
30881
30880
30877
30881
30876
30863
30893
30862
30878
30878
30859
30872
30880
30871
30875
30882
30887
30873
30882
30869
30879
30894
30867
30871
30885
30882
30898
30884
30886
30873
30865
30885
30882
30885
30876
