116142
116097
116102
116120
116138
116111
116101
116124
116116
116139
116150
116141
116124
116104
116099
116159
116151
116118
116112
116137
116135
116130
116116
116103
116128
116122
116145
116124
116153
116113
116127
116103
116125
116100
116133
116115
116119
116149
116124
116112
116118
116122
116101
116128
116098
116113
116110
116124
116127
116126
116126
116103
116099
116105
116112
116130
116135
116120
116146
116138
116113
116160
116125
116148
116117
116112
116141
116109
116098
116138
116109
116108
116146
116124
116119
116134
116147
116100
116130
116148
116093
116103
116064
116127
116133
116131
116142
116145
116136
116155
116170
116136
116119
116122
116119
116132
116118
116130
116147
116119
116113
116089
116129
116112
116095
116106
116107
116122
116146
116117
116144
116143
116131
116113
116112
116112
116114
116134
116130
116127
116110
116127
116162
116122
116104
116134
116141
116142
116113
116127
116093
116095
116113
116129
116146
116128
116137
116108
116124
116123
116131
116138
116108
116115
116106
116104
116092
116113
116090
116102
116125
116114
116129
116089
116127
116154
116136
116098
116144
116121
116116
116110
116122
116135
116129
116143
116111
116121
116121
116099
116126
116126
116149
116111
116111
116127
116153
116120
116125
116117
116121
116112
116157
116114
116123
116117
116126
116134
116113
116117
116129
116120
116147
116105
116140
116139
116146
116161
116089
116109
116115
116127
116119
116143
116135
116122
116130
116130
116123
116107
116137
116128
116107
116143
116121
116137
116126
116138
116110
116111
116138
116116
116132
116116
116117
116102
116110
116113
116117
116116
116134
116133
116086
116124
116130
116118
116151
116103
116135
116100
116124
116098
116108
116086
116104
116106
116086
116111
116110
116106
116110
116131
116131
116125
116138
116118
116151
116109
116117
116136
116126
116148
116111
116113
116113
116088
116130
116103
116113
116116
116119
116166
116119
116135
116134
116131
116106
116088
116133
116127
116158
116142
116090
116132
116121
116109
116126
116121
116117
116100
116155
116155
116100
116128
116130
116134
116134
116165
116117
116108
116132
116107
116090
116107
116141
116128
116107
116140
116108
116128
116124
116101
116109
116117
116114
116113
116121
116130
116110
116150
116134
116135
116096
116193
116149
116107
116138
116148
116133
116150
116123
116106
116156
116120
116116
116121
116115
116124
116075
116137
116125
116089
116115
116141
116121
116111
116111
116150
116123
116118
116114
116120
116139
116119
116072
116126
116122
116129
116118
116090
116119
116138
116103
116136
116109
116116
116148
116109
116093
116122
116086
116096
116164
116113
116112
116145
116105
116142
116123
116137
116135
116122
116127
116114
116146
116136
116130
116096
116099
116157
116120
116126
116104
116103
116119
116115
116145
116139
116097
116128
116119
116102
116127
116095
116100
116144
116151
116106
116090
116154
116115
116111
116123
116123
116122
116091
116104
116125
116082
116138
116143
116114
116126
116129
116109
116119
116083
116112
116103
116128
116114
116122
116132
116114
116097
116137
116105
116109
116106
116111
116125
116079
116092
116086
116102
116147
116128
116136
116133
116087
116152
116113
116095
116125
116121
116117
116117
116132
116145
116110
116120
116122
116119
116099
116131
116110
116090
116096
116140
116116
116126
116142
116134
116126
116154
116129
116142
116124
116104
116131
116089
116102
116138
116119
116119
116144
116120
116117
116114
116123
116089
116126
116120
116109
116139
116135
116086
116105
116110
116142
116126
116118
116141
116106
116119
116147
116149
116107
116096
116140
116145
116161
116092
116116
116107
116117
116097
116091
116128
116103
116130
116124
116165
116127
116136
116105
116109
116114
116127
116116
116101
116117
116147
116136
116091
116126
116142
116122
116094
116099
116120
116098
116116
116119
116118
116114
116130
116106
116129
116120
116105
116123
116158
116139
116111
116136
116117
116118
116107
116136
116115
116141
116111
116129
116119
116143
116095
116125
116147
116117
116133
116114
116144
116150
116117
116121
116145
116134
116102
116101
116119
116117
116121
116110
116109
116106
116090
116080
116138
116157
116146
116093
116105
116124
116111
116130
116132
116109
116151
116119
116146
116118
116120
116142
116112
116115
116113
116130
116102
116137
116134
116145
116129
116153
116119
116102
116128
116140
116113
116115
116089
116131
116100
116122
116134
116128
116105
116127
116129
116116
116111
116133
116102
116099
116096
116141
116111
116114
116123
116140
116121
116123
116115
116143
116143
116097
116118
116145
116105
116158
116125
116075
116102
116126
116119
116097
116135
116117
116118
116095
116175
116122
116106
116105
116077
116130
116120
116119
116158
116160
116114
116122
116162
116140
116122
116132
116161
116123
116129
116142
116134
116155
116136
116118
116144
116121
116133
116148
116151
116140
116140
116061
116105
116150
116111
116125
116133
116136
116124
116148
116086
116097
116126
116143
116111
116137
116153
116116
116132
116145
116115
116091
116146
116155
116112
116127
116152
116121
116084
116107
116123
116118
116136
116150
116131
116124
116123
116082
116128
116167
116145
116149
116133
116108
116105
116098
116150
116122
116135
116116
116129
116120
116090
116113
116127
116124
116117
116151
116125
116083
116123
116128
116112
116098
116129
116122
116117
116136
116121
116117
116123
116141
116116
116082
116127
116117
116127
116136
116106
116092
116114
116129
116102
116123
116097
116112
116136
116137
116090
116087
116132
116134
116105
116130
116103
116111
116156
116126
116122
116138
116142
116139
116107
116113
116122
116124
116132
116102
116119
116102
116146
116135
116112
116106
116128
116127
116140
116127
116114
116111
116139
116139
116132
116138
116135
116126
116129
116112
116128
116120
116127
116132
116101
116126
116147
116150
116110
116116
116114
116121
116119
116118
116111
116112
116142
116127
116154
116102
116106
116126
116109
116116
116103
116120
116128
116113
116104
116115
116132
116143
116084
116120
116132
116138
116126
116126
116094
116145
116122
116134
116116
116156
116121
116135
116107
116134
116137
116106
116130
116136
116124
116130
116127
116111
116096
116133
116143
116135
116145
116107
116150
116134
116141
116124
116120
116151
116102
116106
116124
116086
116145
116151
116110
116143
116139
116095
116124
116128
116137
116134
116177
116087
116125
116111
116116
116124
116138
116122
116139
116157
116117
116145
116154
116138
116127
116146
116123
116065
116126
116144
116124
116114
116120
116143
116126
116079
116110
116143
116116
116108
116112
116098
116114
116134
116122
116112
116136
116136
116134
116119
116130
116106
116122
116160
116156
116124
116137
116143
116138
116134
116137
116114
116125
116112
116136
116130
116114
116140
116135
116132
116134
116102
116092
116107
116141
116162
116143
116101
116116
116116
116123
116138
116122
116108
116115
116100
116101
116125
116128
116138
116130
116134
116134
116136
116137
116113
116109
116141
116103
116114
116115
116089
116090
116142
116138
116117
116120
116165
116100
116116
