20675
20676
20660
20669
20664
20670
20660
20665
20656
20668
20663
20667
20666
20661
20659
20656
20661
20669
20661
20675
20671
20662
20672
20668
20665
20667
20664
20666
20672
20663
20664
20665
20658
20675
20659
20668
20652
20652
20654
20662
20669
20664
20670
20672
20663
20666
20671
20673
20655
20670
20678
20660
20650
20677
20678
20670
20667
20671
20665
20661
20655
20663
20667
20665
20678
20665
20670
20666
20664
20659
20675
20678
20665
20663
20674
20671
20651
20674
20661
20667
20678
20663
20661
20664
20654
20661
20662
20685
20661
20667
20664
20662
20650
20672
20661
20673
20655
20667
20675
20656
20662
20660
20667
20661
20669
20657
20677
20673
20680
20675
20677
20682
20665
20653
20666
20665
20665
20662
20658
20677
20667
20675
20660
20671
20664
20657
20664
20672
20667
20661
20660
20659
20668
20675
20658
20670
20665
20647
20666
20653
20678
20668
20664
20664
20662
20672
20675
20675
20657
20659
20659
20664
20660
20669
20656
20662
20682
20671
20656
20674
20667
20662
20666
20669
20662
20678
20671
20673
20661
20663
20668
20654
20659
20656
20660
20676
20657
20668
20665
20665
20657
20684
20660
20679
20664
20665
20668
20671
20668
20674
20677
20656
20661
20668
20669
20677
20660
20665
20670
20672
20673
20653
20674
20668
20649
20675
20675
20657
20671
20683
20673
20666
20667
20674
20682
20666
20660
20684
20667
20647
20663
20659
20667
20669
20663
20656
20657
20659
20661
20664
20674
20670
20663
20661
20678
20663
20673
20674
20672
20661
20663
20668
20663
20661
20663
20675
20661
20659
20660
20658
20658
20667
20658
20663
20659
20675
20664
20664
20666
20667
20681
20660
20666
20653
20657
20670
20667
20674
20678
20662
20665
20683
20664
20660
20668
20665
20663
20663
20670
20672
20663
20662
20668
20665
20662
20663
20654
20658
20676
20661
20675
20668
20668
20644
20673
20668
20664
20654
20657
20664
20670
20658
20673
20673
20662
20646
20672
20661
20672
20666
20665
20660
20661
20668
20672
20677
20666
20673
20655
20660
20668
20674
20674
20661
20663
20668
20661
20669
20661
20653
20667
20666
20672
20668
20659
20669
20663
20677
20660
20660
20667
20660
20666
20658
20666
20672
20666
20664
20677
20656
20659
20670
20657
20653
20669
20665
20663
20663
20660
20662
20675
20668
20662
20667
20652
20662
20667
20665
20665
20658
20674
20662
20661
20661
20655
20657
20670
20647
20666
20672
20656
20668
20661
20666
20665
20666
20667
20678
20663
20675
20661
20664
20670
20658
20659
20646
20681
20653
20668
20662
20663
20667
20661
20668
20666
20661
20667
20664
20663
20673
20654
20657
20667
20666
20676
20660
20667
20664
20659
20669
20661
20674
20664
20650
20668
20665
20665
20668
20657
20659
20663
20666
20667
20671
20672
20663
20661
20652
20686
20661
20663
20672
20662
20670
20665
20664
20657
20655
20665
20673
20661
20665
20658
20670
20665
20660
20667
20663
20671
20669
20654
20661
20658
20674
20659
20678
20663
20659
20663
20662
20648
20678
20676
20666
20670
20676
20672
20673
20668
20666
20667
20668
20661
20669
20667
20659
20661
20660
20664
20656
20669
20671
20661
20660
20659
20658
20668
20673
20671
20666
20660
20678
20663
20663
20666
20666
20656
20664
20660
20668
20665
20658
20667
20660
20668
20662
20663
20677
20671
20664
20665
20657
20668
20659
20660
20663
20675
20659
20672
20653
20662
20675
20661
20666
20663
20663
20659
20665
20675
20667
20659
20666
20662
20674
20660
20664
20665
20672
20671
20654
20664
20664
20680
20661
20662
20651
20666
20665
20655
20665
20651
20679
20674
20664
20661
20670
20665
20672
20660
20659
20667
20661
20678
20655
20656
20673
20680
20669
20667
20643
20657
20666
20670
20672
20660
20661
20671
20668
20661
20657
20648
20662
20667
20650
20668
20664
20669
20656
20654
20678
20674
20683
20667
20667
20671
20652
20659
20672
20667
20673
20669
20668
20668
20668
20647
20659
20663
20663
20654
20652
20661
20670
20668
20659
20679
20652
20666
20675
20675
20664
20667
20660
20649
20674
20657
20662
20662
20668
20676
20667
20673
20662
20659
20660
20668
20677
20667
20669
20662
20669
20660
20659
20654
20674
20661
20654
20654
20674
20667
20673
20669
20667
20662
20669
20649
20674
20657
20666
20667
20660
20664
20660
20661
20662
20667
20672
20671
20665
20667
20656
20665
20671
20656
20659
20672
20660
20667
20670
20663
20664
20672
20660
20660
20672
20671
20653
20660
20655
20656
20665
20665
20671
20674
20665
20652
20662
20660
20678
20667
20662
20662
20661
20657
20664
20669
20657
20659
20659
20661
20656
20656
20671
20649
20661
20677
20650
20667
20669
20662
20660
20661
20654
20679
20673
20658
20655
20671
20662
20665
20659
20666
20662
20673
20671
20663
20658
20664
20664
20682
20657
20645
20666
20659
20673
20660
20665
20660
20666
20661
20676
20663
20657
20669
20672
20660
20666
20666
20670
20663
20674
20666
20667
20669
20677
20670
20672
20659
20673
20654
20669
20665
20658
20659
20671
20669
20662
20666
20656
20672
20674
20670
20640
20662
20670
20672
20672
20665
20662
20659
20672
20679
20660
20677
20676
20661
20662
20658
20666
20665
20669
20654
20675
20667
20668
20666
20676
20657
20680
20655
20664
20658
20670
20666
20665
20674
20673
20668
20682
20671
20667
20656
20672
20668
20673
20659
20663
20652
20664
20670
20674
20666
20655
20660
20664
20663
20663
20658
20660
20664
20667
20680
20657
20662
20644
20669
20662
20657
20665
20668
20656
20664
20673
20667
20659
20663
20674
20658
20672
20652
20670
20665
20659
20663
20658
20674
20658
20673
20667
20666
20664
20657
20672
20661
20662
20662
20664
20664
20657
20664
20657
20657
20673
20661
20662
20656
20660
20659
20657
20653
20674
20655
20659
20661
20663
20664
20665
20658
20653
20660
20668
20678
20659
20662
20659
20665
20676
20669
20671
20667
20654
20654
20663
20664
20674
20670
20674
20664
20665
20672
20670
20660
20667
20657
20671
20661
20656
20664
20649
20657
20660
20678
20652
20658
20649
20663
20670
20667
20651
20660
20656
20660
20670
20665
20664
20665
20664
20655
20675
20659
20665
20666
20659
20674
20663
20669
20664
20675
20662
20659
20669
20661
20671
20662
20670
20659
20670
20669
20659
20671
20668
20664
20675
20668
20660
20661
20665
20670
20666
20666
20664
20659
20669
20668
20654
20666
20677
20678
20665
20657
20670
