10446
10450
10456
10445
10460
10455
10443
10447
10454
10451
10447
10448
10448
10450
10448
10452
10452
10448
10446
10452
10449
10455
10446
10454
10450
10450
10455
10450
10450
10447
10448
10455
10459
10450
10456
10453
10447
10449
10453
10445
10451
10446
10449
10455
10449
10455
10450
10445
10454
10445
10448
10453
10454
10446
10447
10450
10455
10454
10456
10453
10452
10455
10448
10444
10450
10447
10446
10447
10453
10447
10450
10446
10453
10453
10454
10446
10455
10442
10442
10449
10456
10446
10445
10442
10451
10452
10449
10456
10448
10449
10445
10452
10449
10452
10454
10444
10456
10453
10449
10449
10448
10455
10448
10453
10449
10452
10444
10444
10448
10452
10451
10450
10450
10458
10446
10451
10446
10459
10455
10452
10440
10449
10459
10453
10450
10446
10453
10453
10454
10448
10449
10448
10444
10455
10449
10455
10451
10455
10452
10445
10445
10456
10451
10443
10452
10449
10454
10446
10446
10446
10452
10453
10451
10448
10448
10445
10444
10451
10444
10455
10456
10460
10447
10450
10448
10443
10444
10447
10445
10460
10451
10445
10448
10448
10452
10456
10450
10452
10448
10459
10442
10451
10452
10450
10451
10450
10451
10445
10451
10449
10457
10459
10442
10447
10449
10452
10453
10451
10444
10453
10446
10444
10449
10441
10447
10459
10455
10449
10447
10453
10448
10446
10456
10442
10462
10449
10453
10453
10446
10447
10445
10449
10446
10449
10459
10453
10450
10459
10453
10449
10451
10453
10452
10443
10455
10445
10445
10443
10451
10451
10456
10455
10445
10453
10449
10457
10444
10450
10452
10461
10441
10451
10451
10455
10449
10446
10457
10459
10452
10454
10447
10448
10439
10443
10451
10455
10454
10450
10442
10443
10457
10460
10458
10451
10447
10452
10447
10452
10453
10447
10457
10450
10452
10454
10446
10448
10456
10452
10455
10451
10452
10457
10444
10452
10456
10452
10451
10447
10458
10449
10444
10449
10452
10453
10449
10455
10455
10454
10450
10457
10447
10448
10456
10443
10470
10457
10460
10442
10455
10449
10452
10444
10448
10449
10447
10456
10450
10452
10446
10456
10453
10439
10448
10447
10450
10454
10449
10458
10453
10459
10450
10448
10453
10460
10454
10452
10447
10454
10443
10448
10449
10451
10455
10451
10446
10454
10453
10443
10452
10448
10454
10443
10448
10445
10451
10457
10449
10447
10442
10444
10457
10452
10458
10451
10450
10447
10451
10445
10448
10451
10453
10446
10443
10451
10453
10449
10453
10452
10448
10455
10448
10449
10449
10456
10446
10455
10452
10451
10449
10452
10446
10453
10447
10458
10444
10455
10451
10448
10451
10454
10447
10462
10449
10450
10457
10451
10455
10459
10448
10455
10447
10443
10447
10452
10461
10451
10447
10445
10448
10452
10444
10447
10463
10452
10449
10450
10453
10452
10453
10447
10443
10446
10446
10457
10452
10456
10451
10450
10450
10441
10455
10453
10449
10448
10446
10441
10455
10447
10452
10456
10452
10451
10445
10457
10453
10461
10452
10459
10445
10451
10448
10460
10451
10450
10446
10452
10447
10457
10447
10452
10455
10454
10457
10453
10446
10455
10446
10442
10448
10458
10451
10460
10449
10449
10447
10451
10450
10447
10455
10453
10445
10455
10442
10447
10452
10445
10456
10448
10454
10446
10452
10462
10449
10447
10449
10444
10456
10453
10448
10449
10443
10459
10451
10446
10446
10461
10450
10448
10454
10445
10453
10454
10450
10452
10456
10448
10458
10455
10455
10449
10445
10444
10447
10448
10453
10451
10461
10455
10450
10452
10450
10456
10453
10456
10449
10453
10454
10446
10449
10466
10444
10451
10448
10441
10444
10447
10450
10446
10450
10448
10458
10451
10453
10446
10456
10455
10443
10465
10448
10447
10448
10454
10452
10457
10452
10457
10454
10456
10447
10445
10452
10455
10452
10460
10443
10443
10448
10459
10452
10454
10454
10448
10454
10445
10458
10448
10450
10457
10460
10447
10451
10447
10458
10454
10447
10446
10457
10444
10444
10437
10454
10450
10450
10447
10452
10455
10445
10445
10459
10451
10458
10445
10445
10453
10445
10455
10455
10448
10448
10448
10451
10450
10451
10458
10451
10451
10455
10448
10442
10448
10448
10448
10450
10455
10454
10456
10456
10455
10461
10449
10453
10452
10448
10446
10445
10449
10456
10445
10453
10455
10455
10452
10441
10455
10453
10444
10452
10447
10454
10450
10444
10455
10446
10460
10458
10450
10447
10456
10444
10444
10457
10446
10454
10451
10455
10452
10451
10444
10453
10444
10457
10450
10445
10447
10449
10453
10446
10454
10451
10453
10446
10449
10443
10458
10450
10454
10450
10449
10451
10461
10451
10442
10450
10451
10448
10448
10453
10452
10452
10450
10446
10455
10451
10453
10454
10453
10453
10456
10454
10454
10446
10454
10446
10452
10455
10451
10450
10448
10448
10450
10449
10450
10453
10444
10450
10445
10447
10444
10439
10452
10451
10448
10447
10446
10445
10447
10449
10458
10455
10448
10454
10451
10458
10467
10449
10453
10443
10447
10456
10449
10443
10451
10449
10456
10450
10449
10443
10448
10464
10447
10450
10443
10455
10448
10445
10441
10449
10444
10449
10441
10454
10447
10446
10453
10454
10446
10440
10454
10451
10442
10447
10453
10446
10443
10444
10455
10445
10450
10446
10447
10454
10452
10450
10451
10451
10444
10447
10448
10445
10444
10447
10452
10450
10447
10447
10452
10456
10454
10451
10446
10451
10451
10451
10458
10447
10447
10454
10455
10453
10450
10458
10449
10457
10451
10448
10449
10449
10454
10447
10452
10449
10457
10453
10457
10447
10444
10450
10454
10448
10446
10452
10450
10452
10452
10453
10451
10450
10453
10453
10453
10451
10446
10457
10444
10457
10447
10457
10445
10458
10453
10451
10441
10457
10454
10444
10451
10451
10453
10453
10451
10451
10455
10440
10450
10466
10452
10448
10450
10455
10453
10451
10450
10440
10450
10449
10445
10449
10452
10457
10449
10453
10446
10451
10445
10454
10451
10451
10445
10458
10444
10445
10446
10447
10454
10460
10453
10455
10456
10455
10453
10449
10445
10453
10460
10450
10448
10454
10442
10458
10449
10451
10446
10452
10449
10447
10451
10441
10450
10451
10448
10455
10460
10452
10448
10453
10441
10456
10450
10449
10455
10454
10447
10449
10449
10452
10453
10450
10456
10448
10452
10462
10449
10449
10453
10455
10451
10449
10445
10449
10451
10447
10454
10460
10445
10446
10452
10447
10454
10451
10445
