13842
13846
13847
13856
13847
13843
13843
13859
13856
13851
13848
13850
13849
13859
13849
13852
13849
13841
13845
13853
13849
13853
13847
13845
13857
13838
13851
13854
13847
13851
13836
13843
13850
13851
13843
13856
13847
13849
13845
13854
13850
13844
13834
13836
13843
13842
13849
13843
13838
13847
13851
13843
13851
13846
13846
13844
13847
13841
13851
13847
13840
13850
13843
13853
13842
13848
13834
13831
13847
13841
13848
13846
13847
13854
13830
13841
13841
13847
13836
13842
13860
13844
13841
13839
13843
13835
13851
13838
13842
13845
13851
13849
13852
13846
13845
13846
13846
13853
13851
13845
13842
13847
13853
13840
13842
13846
13844
13842
13852
13843
13840
13844
13848
13833
13845
13840
13857
13852
13843
13845
13852
13851
13847
13846
13846
13852
13847
13852
13853
13850
13850
13845
13842
13840
13838
13846
13838
13846
13842
13852
13846
13843
13854
13833
13839
13861
13850
13858
13846
13844
13844
13847
13840
13841
13852
13846
13850
13851
13842
13839
13843
13849
13850
13841
13848
13847
13849
13845
13843
13840
13848
13837
13838
13841
13846
13850
13848
13845
13842
13838
13845
13861
13850
13847
13848
13849
13845
13840
13846
13840
13850
13841
13845
13845
13847
13845
13843
13849
13849
13845
13847
13847
13839
13851
13849
13848
13845
13837
13843
13848
13853
13845
13851
13845
13846
13848
13850
13852
13842
13843
13852
13843
13841
13841
13849
13846
13834
13846
13847
13838
13852
13854
13834
13843
13844
13845
13851
13841
13844
13844
13846
13845
13842
13844
13845
13830
13837
13839
13838
13848
13851
13844
13842
13846
13848
13847
13842
13851
13844
13849
13839
13836
13841
13849
13848
13847
13853
13837
13848
13845
13854
13845
13849
13847
13854
13843
13847
13852
13843
13840
13845
13848
13858
13838
13840
13845
13842
13856
13849
13846
13845
13845
13840
13841
13846
13851
13845
13839
13843
13842
13851
13850
13841
13857
13844
13841
13847
13845
13847
13839
13841
13844
13850
13840
13844
13846
13847
13852
13845
13839
13837
13842
13847
13862
13843
13848
13847
13844
13851
13855
13848
13848
13845
13833
13841
13847
13851
13848
13838
13843
13848
13847
13852
13838
13851
13844
13845
13845
13838
13851
13846
13846
13847
13851
13851
13850
13854
13845
13845
13848
13853
13850
13854
13841
13845
13844
13847
13837
13853
13851
13846
13841
13839
13852
13840
13847
13847
13847
13846
13842
13846
13857
13847
13852
13840
13846
13855
13860
13838
13849
13841
13844
13851
13842
13846
13847
13847
13840
13851
13847
13847
13847
13844
13837
13841
13849
13849
13853
13849
13844
13839
13852
13841
13833
13841
13842
13855
13850
13848
13842
13846
13843
13839
13839
13850
13843
13845
13840
13848
13843
13843
13849
13851
13840
13845
13853
13851
13844
13850
13845
13847
13836
13833
13841
13851
13845
13842
13846
13845
13845
13842
13842
13842
13844
13839
13848
13855
13838
13852
13847
13850
13844
13846
13858
13853
13846
13835
13831
13849
13844
13848
13845
13840
13845
13849
13844
13834
13850
13851
13857
13845
13854
13844
13849
13847
13846
13836
13840
13843
13849
13835
13844
13838
13844
13852
13855
13848
13847
13854
13837
13853
13849
13841
13841
13848
13839
13846
13837
13853
13841
13847
13840
13849
13838
13849
13852
13842
13849
13843
13845
13852
13849
13851
13835
13849
13845
13848
13840
13841
13841
13854
13857
13853
13838
13854
13848
13844
13851
13842
13841
13840
13851
13848
13848
13852
13853
13854
13847
13836
13852
13845
13852
13842
13839
13837
13850
13841
13847
13839
13843
13850
13849
13852
13845
13853
13850
13851
13844
13840
13833
13846
13855
13849
13857
13857
13854
13842
13847
13838
13833
13841
13859
13848
13846
13837
13846
13843
13845
13846
13843
13844
13850
13849
13844
13843
13843
13849
13846
13853
13850
13851
13850
13845
13848
13841
13856
13847
13847
13839
13844
13835
13852
13841
13854
13848
13846
13837
13843
13857
13839
13845
13848
13841
13843
13835
13842
13841
13839
13850
13847
13836
13851
13839
13844
13849
13852
13832
13843
13839
13833
13848
13844
13840
13844
13844
13848
13843
13854
13842
13845
13838
13846
13848
13840
13851
13839
13834
13835
13846
13844
13843
13837
13841
13846
13827
13847
13844
13844
13840
13848
13842
13838
13841
13842
13844
13837
13840
13852
13841
13848
13852
13845
13846
13848
13856
13849
13853
13844
13845
13841
13851
13844
13849
13846
13849
13840
13837
13859
13853
13848
13848
13838
13839
13844
13843
13843
13838
13845
13840
13844
13850
13853
13848
13853
13838
13841
13840
13844
13836
13852
13838
13849
13838
13841
13853
13844
13850
13853
13848
13840
13837
13842
13849
13840
13846
13845
13840
13847
13842
13843
13852
13850
13850
13856
13849
13846
13848
13842
13851
13853
13843
13853
13847
13841
13848
13855
13842
13843
13841
13840
13855
13838
13842
13841
13842
13845
13847
13851
13848
13840
13835
13840
13837
13849
13857
13838
13845
13844
13838
13837
13856
13852
13836
13851
13844
13844
13851
13848
13839
13845
13836
13861
13853
13852
13839
13831
13841
13843
13839
13854
13851
13835
13840
13842
13832
13837
13841
13853
13844
13855
13841
13851
13839
13847
13835
13856
13840
13839
13842
13848
13845
13843
13849
13848
13845
13846
13843
13844
13843
13850
13841
13836
13844
13843
13840
13850
13838
13841
13857
13854
13850
13852
13841
13845
13847
13846
13841
13845
13843
13840
13839
13843
13846
13841
13847
13849
13848
13849
13848
13843
13850
13850
13852
13846
13847
13851
13850
13846
13856
13847
13841
13855
13849
13847
13834
13851
13848
13849
13847
13847
13847
13850
13848
13847
13857
13844
13841
13842
13850
13837
13847
13846
13855
13849
13840
13854
13846
13856
13841
13841
13853
13849
13846
13843
13861
13851
13841
13842
13854
13839
13842
13847
13852
13843
13846
13840
13845
13835
13841
13845
13848
13844
13840
13848
13851
13846
13842
13843
13838
13852
13833
13840
13835
13846
13842
13837
13852
13848
13845
13848
13846
13844
13848
13849
13836
13850
13835
13856
13840
13840
13852
13843
13856
13844
13844
13836
13849
13835
13845
13850
13852
13840
13848
13848
13840
13843
13844
13849
13843
13860
13838
13844
13846
13845
13851
13838
13850
13848
13854
13844
13849
13853
13847
13838
13852
13840
13839
13846
13846
13841
13846
13835
13848
13835
13842
13835
13851
13850
13841
13847
