10448
10463
10460
10462
10451
10452
10448
10447
10453
10450
10452
10447
10453
10454
10454
10446
10447
10453
10457
10451
10454
10452
10447
10451
10457
10450
10455
10450
10447
10451
10449
10451
10455
10446
10455
10460
10454
10451
10447
10455
10452
10454
10455
10447
10451
10450
10443
10451
10455
10456
10451
10458
10452
10449
10446
10446
10450
10449
10459
10448
10450
10451
10457
10450
10443
10442
10453
10451
10450
10456
10448
10451
10455
10456
10449
10441
10454
10454
10453
10445
10451
10451
10446
10447
10451
10451
10451
10453
10448
10448
10451
10455
10458
10446
10451
10454
10451
10446
10448
10463
10452
10453
10450
10452
10443
10450
10455
10443
10452
10446
10451
10454
10453
10449
10459
10452
10456
10451
10455
10452
10448
10456
10445
10447
10450
10450
10451
10456
10450
10457
10451
10445
10447
10449
10451
10454
10446
10449
10452
10449
10443
10455
10457
10462
10453
10455
10447
10448
10450
10447
10451
10443
10448
10451
10454
10446
10446
10446
10454
10458
10455
10450
10458
10441
10452
10447
10453
10453
10450
10444
10454
10447
10444
10454
10444
10448
10449
10446
10455
10458
10450
10447
10449
10444
10453
10448
10446
10451
10453
10444
10451
10447
10450
10443
10464
10453
10452
10459
10460
10449
10443
10449
10448
10453
10454
10447
10455
10445
10447
10454
10450
10447
10450
10451
10451
10452
10452
10459
10464
10456
10451
10453
10443
10454
10453
10440
10449
10451
10453
10451
10451
10456
10454
10454
10456
10452
10445
10446
10453
10455
10456
10456
10455
10445
10448
10456
10453
10452
10443
10450
10445
10454
10444
10460
10453
10450
10453
10454
10447
10447
10452
10451
10446
10453
10445
10455
10451
10452
10445
10454
10455
10444
10449
10453
10448
10445
10449
10444
10443
10450
10459
10448
10445
10441
10458
10455
10446
10444
10445
10446
10452
10452
10451
10454
10448
10460
10449
10451
10453
10446
10449
10448
10445
10446
10445
10446
10456
10453
10448
10442
10456
10455
10453
10443
10452
10451
10453
10460
10459
10448
10458
10450
10450
10454
10451
10446
10453
10453
10449
10447
10442
10456
10453
10452
10443
10451
10452
10452
10448
10452
10450
10462
10458
10455
10466
10446
10456
10455
10450
10451
10447
10456
10453
10453
10448
10459
10443
10447
10446
10458
10453
10455
10449
10458
10448
10457
10452
10455
10450
10449
10448
10446
10447
10437
10447
10449
10446
10441
10452
10452
10450
10447
10455
10463
10454
10459
10440
10456
10460
10444
10451
10449
10448
10453
10451
10452
10451
10444
10451
10455
10456
10446
10447
10457
10453
10445
10448
10456
10451
10444
10458
10455
10455
10449
10449
10447
10448
10451
10450
10449
10454
10446
10453
10451
10448
10446
10454
10448
10451
10451
10456
10455
10455
10448
10446
10445
10450
10449
10459
10449
10449
10448
10456
10448
10462
10446
10452
10458
10450
10459
10450
10444
10454
10454
10446
10453
10447
10457
10457
10445
10448
10448
10456
10444
10457
10444
10449
10451
10452
10449
10456
10445
10452
10449
10443
10454
10442
10450
10443
10447
10450
10455
10456
10452
10451
10443
10445
10453
10446
10455
10450
10448
10459
10444
10449
10455
10444
10454
10452
10449
10449
10448
10450
10459
10445
10451
10447
10448
10454
10449
10459
10448
10459
10460
10450
10438
10453
10442
10452
10448
10453
10460
10455
10451
10452
10455
10460
10455
10451
10445
10449
10449
10463
10452
10452
10454
10453
10448
10451
10456
10456
10454
10446
10448
10447
10445
10454
10450
10457
10449
10462
10439
10457
10445
10450
10454
10449
10453
10448
10450
10450
10445
10450
10446
10451
10456
10441
10461
10449
10447
10457
10445
10452
10449
10447
10451
10455
10455
10454
10455
10444
10451
10449
10452
10456
10452
10442
10446
10454
10451
10451
10442
10450
10456
10449
10459
10447
10450
10447
10449
10451
10451
10455
10450
10453
10454
10445
10451
10454
10459
10454
10446
10454
10444
10446
10451
10443
10446
10443
10450
10455
10450
10445
10458
10459
10449
10448
10446
10453
10443
10446
10451
10463
10452
10450
10444
10447
10460
10456
10445
10447
10449
10450
10450
10452
10458
10451
10453
10456
10449
10443
10449
10455
10450
10451
10455
10452
10446
10451
10455
10449
10456
10453
10450
10455
10447
10444
10449
10442
10447
10452
10447
10452
10444
10457
10451
10444
10448
10457
10456
10453
10447
10449
10454
10451
10446
10450
10445
10450
10447
10449
10446
10457
10445
10451
10449
10452
10451
10446
10448
10442
10442
10452
10448
10448
10446
10449
10445
10449
10448
10453
10449
10460
10452
10453
10446
10444
10457
10452
10457
10451
10450
10451
10449
10457
10442
10456
10451
10445
10450
10456
10457
10451
10448
10451
10453
10449
10450
10449
10449
10446
10459
10450
10455
10452
10460
10446
10448
10448
10453
10452
10457
10457
10449
10448
10454
10451
10444
10453
10446
10449
10445
10451
10451
10450
10454
10460
10447
10451
10455
10462
10448
10446
10444
10450
10447
10453
10442
10443
10451
10452
10447
10449
10443
10449
10446
10446
10444
10450
10450
10451
10448
10453
10456
10452
10451
10453
10443
10446
10456
10442
10442
10448
10455
10447
10453
10449
10454
10443
10453
10447
10447
10450
10448
10452
10449
10453
10436
10452
10460
10450
10452
10455
10454
10447
10454
10453
10453
10446
10447
10444
10453
10453
10443
10465
10459
10448
10449
10442
10451
10445
10448
10450
10458
10451
10445
10454
10459
10444
10453
10453
10453
10452
10452
10449
10445
10446
10448
10452
10445
10458
10451
10449
10448
10449
10444
10457
10450
10442
10450
10461
10448
10454
10452
10445
10451
10451
10457
10453
10457
10454
10453
10455
10448
10453
10447
10456
10446
10447
10453
10448
10453
10457
10457
10450
10448
10445
10449
10448
10448
10452
10444
10456
10451
10453
10453
10456
10452
10450
10459
10458
10458
10454
10454
10454
10452
10446
10455
10447
10452
10452
10445
10449
10457
10444
10457
10454
10451
10453
10454
10449
10451
10451
10465
10450
10449
10445
10444
10448
10451
10457
10458
10447
10451
10451
10453
10451
10452
10451
10444
10444
10453
10454
10451
10450
10446
10445
10447
10447
10450
10449
10452
10449
10457
10460
10452
10447
10448
10445
10458
10455
10454
10443
10445
10447
10450
10457
10451
10452
10453
10443
10458
10447
10450
10452
10446
10456
10456
10447
10452
10455
10452
10446
10445
10449
10459
10443
10448
10447
10451
