40623709
40905040
41391929
42861961
42019935
41531636
40745291
42231001
40453931
42372316
42710280
41193254
41480460
41093614
42283113
39950033
40287000
41226281
40098878
42535183
40334438
42736123
42054547
41553999
42429027
43120236
40584022
41997769
42153320
41684543
42767626
42771462
41656641
41548957
42075929
41689843
42300604
40344982
41037719
42508724
41065318
41265229
43067535
40311869
40847252
40521422
42081292
41646254
40853872
43357668
41318948
40132526
41170501
40199204
43114266
40482399
43042630
40083992
40445009
42862840
42188606
40104214
41476709
42288414
40204677
42198396
40454654
40833668
42588522
40541840
41357873
42199157
39983389
40572932
41710615
40067518
43363263
43407791
41484058
41198914
41070836
41046619
42936739
41464005
42001702
41472327
42934818
40488419
41577861
42716120
41547188
41449833
41630887
41981965
42507042
41550124
42511784
40010084
40079744
41790882
41462078
43200534
41063682
40318679
43119715
41860620
40417561
40000321
42225496
40204590
42223087
42626665
39978150
41193506
42651985
42227984
40734758
40543006
42148708
41131917
42777664
41077663
43375646
42465029
41248557
42519083
41168540
40144863
42802171
40368020
40513923
42785983
41888843
41866451
41098301
42763600
39922553
42929839
43025131
42446359
40793457
40634173
41061638
41937514
40358815
41370013
42881777
40848151
41266003
41182166
42352224
41462347
42658902
41574769
41215219
42659502
43089630
40084619
41285694
41437325
43020021
43171156
42260674
42335672
42308830
40345302
39992827
41091863
41215449
43091827
41216474
41110415
42889889
42730531
40418236
42957090
42941088
41772499
43398724
42138781
40635185
41621089
40627819
41428862
41658703
41501515
40432313
42600813
43058409
42204714
41672557
40106213
43103720
41390386
42819971
40921558
41171682
40643678
41321082
40902638
42224076
41127938
43244301
42332018
42774700
41910481
41690639
43159296
41601909
41651136
41742037
41754283
43461057
40035016
40873946
43415193
40411521
40864530
41776528
41583608
43094633
43341237
42989368
40818550
42318361
41662266
41980003
41713870
42665453
40842204
40891765
42025424
43154052
42232437
43439157
40510429
40893995
41862469
41270984
42083945
42940927
43337074
40886170
41892646
41167759
42981374
42002005
40617929
40480702
41981407
42756055
41278651
42631979
40358657
41166004
40156561
40381628
41228386
43048474
42634112
41403479
41336950
40327784
43406781
40621209
40371259
42409493
41628438
40925493
40168301
42407703
40883262
43385347
42923349
41512210
42193589
41376024
41402962
43161305
41161661
40844184
41620784
40827434
42995621
40588086
42614390
40716256
42604699
42415005
41990550
43292109
41432193
42683548
43232868
42960460
41105951
42763752
40176528
39955895
42344594
43460803
41189607
40417316
43087078
42155997
40317022
43490600
40028525
40776779
40387542
40313517
39990927
41580190
39904245
42558874
41512674
41654756
40334581
43035133
41411052
40149538
43110297
40802315
41846920
43042678
40387061
41463610
40389161
41552391
41549950
41015673
42110088
40647299
40865978
42064160
43208601
40701491
40274600
40851812
43457475
41382975
41556524
43033540
40209448
41415120
43130376
42636259
42000582
40437934
42951251
40920791
40348969
41614586
42565728
40859070
41784466
43132066
41707983
42044217
42488568
42052022
42668212
40345936
42792131
41115790
40268788
41091126
42877755
42127676
41319459
40435113
40735551
43174893
40844040
42648222
40492917
42528824
40351210
41288742
41343489
41097440
40004725
41625724
42555086
41358414
40745149
40549080
42837615
43436793
43014658
43389289
40440562
40546773
40682731
42375496
41087262
41475571
41875872
42742910
42436904
43458876
41075726
40582669
40007889
41384609
40613857
42017277
42671830
40750994
40967285
41285572
40618104
40306480
43294839
41369421
41475628
40895308
40653743
41931065
41962330
41564809
41514442
42687920
41864443
42226866
41217788
40379977
40326190
42628414
41666424
42528581
40335449
42196439
43080402
42769550
41244634
42776654
41516665
41802079
43129391
42685786
42020385
42833153
41228221
40289821
40716156
40548950
42201607
42631999
41881803
41677014
40114700
39932638
40034420
42664802
40745590
39993106
41357481
43452178
41181753
41758450
40307239
41018519
40660073
41038802
40707937
42324872
42245988
40647067
40665716
42074961
41947604
40512036
41942925
42737745
40140642
41661629
40193696
42908498
42558722
40225781
41375653
41423664
41318008
41600294
42797840
42379692
42970537
40135545
43150611
42805051
42406962
42951700
40784215
40630212
41946772
41143076
43384488
41624286
43239160
40263112
41370382
42641117
43190974
42732488
41153224
42689891
40598696
42932141
42616501
42812280
42346666
41356609
41269129
40702507
42753162
42594728
39866938
39936191
41788427
41443357
42930262
42441746
42623025
42953013
39944550
41091035
40146662
42092479
42217486
41647840
40251816
40018792
41827184
40371722
41942128
43266263
40365045
40465344
41188703
42066538
40707767
41372465
43288360
42726499
42675362
41820764
40641657
41590894
43430980
41908733
42977792
40509677
41357236
40373991
43418768
41893447
40435241
42261133
42993017
41454474
42299027
41576475
41904595
42445018
40666277
41943326
40716572
42652584
41260440
40303076
43367036
43476638
41296974
40534077
41359046
40839330
41018727
41348165
43171537
41677509
40320155
42622897
40636892
43449818
40242672
40393774
40584731
40904643
42872375
40645542
41152894
41202718
43370649
42031598
42679058
40650663
42702505
41364624
41258704
43181454
42959881
42466552
41760403
40196528
40195692
42873696
41451503
42326192
40403671
43086282
39949559
40547723
42894268
43361429
40446469
42170533
40572066
42291996
42515660
40537140
43084586
41352602
43229955
40151971
40922477
42791128
42916252
41284704
40338393
41900524
43088225
40106427
40253404
41684287
42173451
40440599
40888619
41689789
41678065
39997724
40869685
40251375
41401513
40499242
42813329
41115507
40869806
40512677
40378261
39921006
40146928
41957708
41383841
43166113
40720657
42073803
42459690
39962763
40868482
41504669
41367149
40258773
40067738
41973640
41438932
42758181
41755654
42971226
41632241
41376283
42845744
41833657
41118088
42579594
42277358
43114355
40060371
41313716
43110528
40581139
43369997
42554295
41048462
40409806
42384358
40547113
43223260
42194213
40801707
43270754
40397367
41529668
40979447
39878516
43311459
40228255
40250495
40442956
41113020
41165995
40296135
41595511
42242051
39893053
42159835
40965007
40394739
40132236
42250425
39963052
41706195
41152920
42679977
42572478
43092975
39912382
40924119
40562733
41007599
41650783
42562181
42374148
41363110
41219766
43383784
41534662
42070079
40000121
40215327
40945888
41919078
42635176
41695138
41479789
40380304
40865578
42779000
43080697
40076648
41626655
40923083
42551059
40104103
40681279
40234998
42121930
40562132
41682823
40112465
42824465
42873461
40185976
42666493
41957693
42461469
41877739
40521417
41982536
43139637
41336894
41112326
42813227
40140484
41108383
40962226
41197619
42393457
40020300
39963629
41341264
42095569
42223859
42499850
43099867
42786447
39907364
40209905
42776110
42910085
40405779
40710972
42105966
42386651
42412525
41569759
41450099
41839689
41538464
43290296
42892055
43238710
40154387
41003741
41859345
42354374
41279568
40504691
42130817
41668315
43061617
40426353
40142290
41746436
42354736
41900010
42920142
42377571
41773795
40304594
42660817
40681483
42424223
42284018
43476078
41904228
42716574
41966625
39927983
41957578
42940724
41689278
41664563
40390192
41858911
40604832
40117366
40812510
43266384
43107383
39947339
40359140
40300953
40460287
43290209
40635201
41518112
42914856
43112947
40213334
42677157
42088921
40961843
41628477
42960334
41902440
42973565
42317785
42158660
41442328
40484018
42840934
41702259
42808532
42720793
40126895
43108007
41582013
40000793
41363665
43266793
41357660
41831581
42321010
43208360
40038526
41807145
41689194
43450487
41673323
42391964
43386409
43081259
39929241
42857452
42248639
41806408
40069697
42469895
41822401
39920972
40853509
41429860
43045492
42582467
40334655
41372128
40943288
41380517
41574637
41274696
41917742
42705390
41010602
41658696
40482498
42050591
42301610
43125826
41359461
43408702
43000244
40577588
40826553
43014670
40143134
42382707
42144741
40525377
42675513
40915828
42679138
42290965
42347352
41486212
41578933
42035587
40120406
43321503
40853498
41800176
41356098
40238226
40332016
40661097
40307922
41580614
41053652
41315425
41694713
40735506
40830358
40442901
39910808
42906624
40553714
41262726
41328744
40384370
40717651
40197308
43059399
40482444
43441523
42097368
42444188
40634855
41819512
42879935
41176055
43380471
43360799
43466737
40753939
40498315
41132078
41558225
40820096
41569693
40574858
40552454
41927543
40847613
41360848
41787898
43212397
42482254
43169073
42140962
41783787
41124389
39987605
40421471
40588569
41194205
40079377
43446140
40544719
42399907
43454149
39945406
41435737
40145891
41108556
40966532
42405258
43255573
41347199
41903639
41310683
42384992
41185675
41261498
40309224
41599946
41037104
42097491
40231077
41131516
40708932
