4723215
4779576
4782370
4794561
4700807
4515129
4702230
4668882
4719026
4494965
4699327
4540410
4584530
4512713
4690433
4556783
4506673
4663303
4670774
4531944
4532846
4734053
4789868
4517891
4751405
4755682
4565214
4638811
4757104
4765961
4732710
4473421
4581661
4763155
4668914
4427321
4763150
4455005
4712068
4538047
4420782
4576973
4587276
4737312
4724239
4483693
4424121
4697973
4745367
4411919
4637464
4521194
4777237
4502483
4531464
4772039
4534678
4704499
4663730
4757644
4621999
4435318
4771137
4697951
4699422
4608894
4761276
4562008
4799370
4689951
4734581
4430604
4548386
4769704
4448884
4530994
4489245
4770197
4459766
4508555
4759874
4441397
4794538
4729901
4590091
4590106
4421696
4654312
4677367
4449409
4700798
4507076
4448462
4502394
4640212
4576552
4721401
4720479
4732183
4426487
4571813
4713910
4771043
4690490
4503361
4752380
4521666
4462108
4698924
4638434
4601351
4532431
4438631
4690448
4665119
4697947
4459279
4700746
4700789
4647314
4794575
4698888
4707282
4791287
4478494
4644885
4644501
4774956
4757039
4402145
4741121
4618724
4619594
4497282
4651509
4417994
4565760
4681048
4763631
4665197
4485519
4650164
4775397
4432086
4619724
4696529
4578897
4643554
4459250
4668955
4556832
4721455
4478014
4444740
4565733
4573250
4642228
4735006
4739724
4765061
4719083
4680621
4804851
4793150
4458879
4673095
4657174
4719042
4717672
4659474
4604176
4559708
4483653
4697950
4603683
4650584
4576953
4667928
4489752
4458327
4534788
4682449
4578368
4676894
4788907
4532022
4717672
4717699
4486945
4791335
4492044
4595291
4599961
4646820
4772963
4706459
4454136
4560076
4493493
4555890
4767849
4531443
4631819
4519757
4462067
4433836
4709731
4554516
4662781
4585849
4463470
4421275
4414285
4620102
4563398
4536187
4795520
4483240
4582132
4636538
4570370
4662766
4752424
4644453
4772509
4461636
4413794
4535759
4546483
4795524
4430164
4557411
4598082
4564242
4606965
4567115
4574699
4699417
4466801
4441962
4549776
4484129
4597192
4740632
4598017
4506653
4735945
4707403
4750507
4755651
4460686
4488335
4674073
4611220
4600111
4603283
4662700
4785179
4620093
4684321
4701750
4707808
4519285
4413525
4432564
4513157
4447547
4569928
4417500
4569944
4637512
4657188
4721911
4790817
4664656
4438198
4523494
4427404
4679198
4669860
4524007
4761226
4747705
4696125
4679177
4688630
4535708
4715873
4574620
4793187
4478045
4422687
4563839
4742493
4461093
4478512
4709289
4740186
4705935
4687135
4779542
4754846
4430198
4579797
4541426
4530549
4732766
4736949
4768800
4595211
4592432
4700814
4724280
4513246
4423148
4771231
4592470
4474820
4799645
4526774
4526785
4618709
4552621
4633243
4481277
4694696
4693756
4614465
4645398
4574613
4405890
4795015
4780432
4414268
4577514
4594342
4625747
4590600
4702168
4679623
4630427
4622420
4595264
4481701
4632766
4591554
4601793
4709261
4680109
4518308
4461163
4498657
4626713
4660508
4797370
4505219
4564762
4564352
4611716
4780930
4503304
4417520
4502911
4565271
4472844
4691877
4594271
4747617
4725683
4581204
4695147
4556813
4703587
4770604
4647734
4729456
4560556
4654754
4770180
4414741
4592487
4767365
4417074
4746281
4753328
4469554
4781919
4796905
4656148
4696089
4599550
4700334
4600839
4466330
4716239
4710186
4602256
4788501
4486928
4761310
4499620
4632721
4774460
4506592
4553073
4419402
4534776
4778659
4722840
4448925
4500495
4727479
4795935
4670321
4733153
4650606
4520735
4481363
4487437
4594309
4645042
4755135
4693228
4431105
4709729
4454609
4776748
4531029
4791786
4515081
4750493
4694171
4652430
4623367
4772096
4777707
4707825
4416597
4774320
4414267
4431599
4513218
4437201
4489695
4676834
4672663
4758009
4738776
4531565
4558655
4578802
4549753
4547867
4690453
4404917
4490700
4610704
4727007
4588742
4557297
4768763
4711530
4700760
4456474
4583555
4524490
4681566
4450800
4526357
4540897
4743467
4558698
4449424
4515528
4790356
4533363
4567072
4433471
4519338
4544184
4732771
4632768
4712982
4749483
4750051
4482787
4489695
4773875
4757570
4702628
4665165
4518426
4709272
4408194
4590577
4612671
4755197
4516000
4523519
4793163
4659022
4585892
4728938
4734081
4475162
4425481
4594314
4754233
4741135
4460827
4650106
4427921
4637525
4573243
4480346
4719948
4501425
4610246
4757477
4426453
4525414
4481757
4594297
4727999
4629040
4465302
4568521
4469143
4669844
4544174
4586508
4744905
4516548
4585369
4524909
4791299
4445660
4689562
4634200
4448996
4637000
4693797
4452247
4425033
4751913
4673583
4666543
4513198
4452903
4531526
4797386
4682543
4595252
4578857
4711114
4585398
4575614
4709229
4668394
4587326
4614990
4566636
4621099
4424576
4681039
4608878
4456462
4423634
4781003
4518819
4467752
4566639
4522642
4648721
4756602
4450809
4452211
4611195
4783328
4630916
4540917
4463043
4505683
4678226
4591990
4646783
4590985
4532918
4576972
4449382
4654842
4667031
4745503
4758909
4478026
4500534
4803412
4654829
4710213
4584468
4601339
4423129
4788004
4774871
4768270
4726162
4637014
4569030
4730825
4598096
4416208
4616483
4463924
4464363
4526332
4519776
4603674
4795526
4590542
4757004
4418993
4763199
4529178
4771663
4614992
4516516
4433952
4441863
4608430
4715841
4743432
4426971
4447515
4757988
4568087
4472375
4728928
4546995
4503380
4706834
4784702
4615868
4574198
4479425
4453681
4658127
4676941
4424540
4777252
4455081
4505289
4584431
4482261
4498648
4778733
4419877
4546494
4547468
4513136
4486965
4490256
4589091
4456920
4523033
4448996
4700796
4611216
4779550
4524409
4661450
4665091
4747197
4748204
4547872
4760321
4771105
4544189
4497294
4761699
4760823
4669945
4472391
4487404
4467228
4712869
4515581
4591994
4615847
4645445
4527271
4781409
4688073
4507132
4700814
4768809
4655774
4547454
4621565
4547861
4710163
4749609
4461986
4720119
4429738
4670237
4564351
4653885
4784243
4795526
4529151
4545094
4682000
4519361
4623877
4499616
4690900
4417213
4759424
4661383
4682018
4566666
4468646
4503891
4648747
4738296
4552126
4557226
4778181
4748592
4570905
4596242
4644972
4708253
4743070
4577005
4698922
4642646
4732163
4656247
4640304
4711598
4502885
4792255
4644912
4513204
4416147
4721369
4721406
4794555
4541336
4574610
4605125
4642174
4434941
4756170
4507098
4544149
4565755
4540393
4487397
4601839
4641668
4562872
4718482
4705006
4474323
4681484
4531015
4699765
4657232
4650569
4586817
4561003
4465411
4641681
4593824
4460214
4710146
4430623
4689077
4645449
4478951
4788952
4697464
4461622
4482708
4665600
4753761
4611191
4752461
4642091
4655252
4566691
4506550
4704965
4427368
4767368
4737808
4661826
4766393
4456436
4573683
4633255
4451763
4667031
4775845
4705462
4721433
4585021
4402131
4518378
4590611
4627137
4425953
4696568
4767393
4575624
4510830
4464871
4637496
4757077
4681083
4494400
4441930
4456910
4463901
4440946
4455094
4427416
4592012
4629472
4577963
4418091
4501979
4614034
4558647
4456065
4458348
4459761
4427839
4553618
4437618
4504330
4764603
4647350
4429286
4417626
4579823
4564360
4713923
4509887
4645467
4698848
4674456
4475645
4471906
4784702
4762656
4433472
4517922
4531983
4472348
4480348
4786611
4580326
4554949
4461202
4546478
4705470
4548382
4599415
4491120
4464405
4542296
4703618
4716727
4481804
4793107
4548834
4519795
4654813
4612201
4585405
4787557
4594750
4765008
4525899
4640698
4629038
4472319
4790342
4740653
4606480
4695598
4429260
4578588
4719467
4430653
4715308
4629457
4704564
4439563
4568555
4568046
4748133
4734530
4586306
4538080
4589647
4509934
4548349
4635582
4495864
4514135
4651974
4690934
4802027
4515109
4423577
4428352
4518872
4743414
4565244
4792240
4606077
4480460
4648741
4548371
4630930
4482271
4737766
4764605
4486901
4447057
4683413
4768282
4676361
4448951
4699898
4418943
4460164
4599490
4465386
4660494
4727508
4621575
4423154
4711581
4709664
4443850
4660012
4656238
4665562
4692796
4724224
4518413
4646383
4675395
4425978
4567128
4687174
4586280
4766889
4579822
4513650
4543224
4767500
4469624
4461254
4536184
4445661
4698452
4527760
4682889
4678211
4496796
4571331
4805771
4782823
4417995
4677863
4725552
4774892
4494857
4772075
4607463
4503373
4489752
4780056
4789921
4655308
4781570
4491630
4602751
4600869
4536614
4670296
4578414
4481336
4714861
