14377107
15397098
15337078
15372593
14810377
14563874
15419154
15377070
15291612
14748646
14454513
14377596
14771010
14698925
15281308
14285347
14962775
14303940
14874279
14314237
14633168
14874241
15139954
14343868
14597591
14744851
14351329
14364905
14974712
15010724
15290233
15041619
14312523
14692657
14996185
14498572
15392253
15081465
14275051
14529421
15314066
14900987
14946895
14988635
14697563
14250103
14258930
15182839
15268202
14394095
14482695
15042457
14999757
14451746
15303735
14496302
15374638
14188619
14881694
14809456
14361755
15275218
14656159
15292001
14253342
14592389
14525323
14463687
15009750
14530535
15282185
14309442
14448418
14408985
14501063
14169390
14525777
15137321
15128418
14507106
15162199
14931417
14530580
15252321
15218807
14303940
14261216
14762628
15400626
14303162
14826448
14705403
14884451
14954021
14439871
14784056
14687490
15319630
14589092
15222705
14697765
14486365
15410760
14495725
14330571
14877078
14451146
14446056
15168666
14193312
14824497
15019911
14306220
14839437
14259836
15155696
15280180
14828644
14294617
15107814
15109106
14875149
14180622
15164943
14369157
15074089
15082905
15365155
15167357
14595703
14998965
15167316
14940726
14390698
14860204
14977014
14968399
14998910
14493828
15098077
15126040
14842890
14483187
14537512
14507987
14747613
14740098
14420622
14359772
14478405
15110954
15220835
14827771
14371924
14803315
15356735
14617655
15399871
15048769
14362110
15276521
14935782
14467123
14406620
14469583
15110498
15182736
14641602
14622580
14426922
14441366
14519219
14500988
14701195
14379866
14330329
15202524
15222723
14718184
14314750
15237150
14687155
14641097
15173812
14169375
14241190
14252425
15397568
15113404
14260379
15022982
15086669
14872191
14974138
14781373
15065492
14558070
14545914
14883913
15176316
15006908
14946363
15048641
15136430
15058498
14839437
15061741
14744275
14177718
15315597
14403830
15233325
14442860
15092341
14716088
14839552
14519667
14678775
14905746
15037543
14430585
14647821
14659952
14357014
14433387
14555121
14184521
14603571
14837893
14409858
14948283
15430696
15411653
15259308
15005029
14820686
14796339
14198837
15364220
14705361
14189626
14733023
14690477
15318824
14622774
15232025
14464858
15230237
14347673
15174392
15112821
15036872
15141908
14353788
15266252
14743933
15118184
14633632
14994655
14315058
15263502
14280140
14757041
14644474
14348563
15165499
14866192
14174078
15301837
14807634
15017779
14378423
14434306
14452158
14799208
15127071
14696532
14994306
14818379
14301081
14605433
15143433
15167803
14616604
15426204
14470462
14217228
14275358
14427307
14974733
14158619
14217653
14236768
14591759
15312730
14750917
14545991
14189035
14319997
14752868
14522602
15067493
14188117
14551049
15370357
14202603
15102991
14553468
15029894
14339701
14442238
14789420
14157199
15271397
15251672
15175739
15208692
14890589
14846032
15330952
15070179
14619176
14556218
14190526
14945573
15350205
14299256
14340058
14324581
15221693
14571904
15203885
14448455
14877101
15225606
14607882
14619989
14656121
14880818
14531922
14481185
14604628
15001266
15184175
14755647
15088593
14413160
15012142
15373609
15271025
14843728
14321436
15020993
14448033
15285148
14838057
14716612
15045408
14498607
15192161
14494880
15230071
15267619
14812264
14416924
14471393
15121903
14744429
14416524
14194749
14429201
14465230
14271181
15011572
15318611
15397081
14542637
14184778
15128380
15390180
15300118
15416274
14282351
14294605
15202858
15342099
15196262
14622791
14702624
14500562
14711439
14684666
15176134
14187242
14722718
14268371
15030355
14943749
14967053
15172541
15149147
14343786
14627537
14734456
14338703
15013930
14164680
15054721
15342261
15022930
14402424
14382855
15084353
14501929
14780547
15392438
14909835
15102646
15415843
14716656
14378519
15209047
14627015
14636025
15414806
14209354
14369593
14269243
14213906
15412551
15082379
14664575
14424943
14879379
14433392
14347487
15370443
14156787
15307003
15119035
14355491
14973301
14320447
14725501
14899068
14224643
14383108
14224228
14858276
14719972
14975937
14798906
14583422
15264461
14644498
14629384
15147142
14791639
14378956
15277050
14404361
15163098
15216567
14818923
14466735
15388737
14973516
14956796
15132352
15011532
14249014
15194085
14974487
14309615
15123209
14209728
14682052
14939424
14445501
15272873
14462518
14722787
14630894
14379103
15372200
15045812
14178863
14426378
14220003
15069294
14887286
14745743
15227831
14263199
14530105
15149974
15408435
15260294
14461073
14908379
14539450
14645446
14479409
14302571
15396621
14189103
14876436
14158603
14869069
14483509
15112849
14883661
14230868
15253086
14415986
15352672
14251946
14792614
14919289
14842314
14395439
14670626
15402805
15224939
15296231
14632661
14209384
14973183
14347121
14779877
14757073
14664703
14579754
14955357
15201423
15086278
15086208
15051515
15271368
14213922
14822110
14656681
15376961
14774711
14418042
14802054
14722829
14426366
14474672
14892490
14268749
14811855
14538530
15038810
15396092
14595644
14557653
15413995
14835771
14192712
14508361
14989653
14160079
15352997
14962315
14951640
14812239
15157954
15130276
15224450
15023777
14473191
14645763
14627926
14867177
15269070
14927102
14508917
14537982
14192350
14896188
14197990
15364719
14761656
15375542
14562825
14827757
14265987
14571362
14676345
15310409
14650000
14833484
14178274
14972766
14767832
14217157
14336682
15211350
14720345
15230592
14778550
14750408
14334533
14466713
14352707
14743366
14811775
14439070
14643431
14864853
15302495
15316312
14487849
14590173
14718480
15155079
14156259
14285635
14457849
14714667
14370556
14682327
14342993
15102620
15376003
14691311
15087104
15426950
14527641
15014977
14796331
14392683
14377184
15005547
14495799
14442650
14302490
15298552
14231683
14999856
14174089
14722274
14212578
15053441
14902884
14476589
14572224
14373473
15381562
15416806
15378720
14386949
15133051
14671131
15267641
14764051
14258614
14607815
15329584
14196090
14584390
15284024
15012077
14440410
14634042
15093305
15108236
14698401
14301188
14583022
15229713
14256653
15183331
14846961
14376181
15182819
14955964
14824013
15070585
15225399
14524319
14503311
15188528
15314638
15171018
14362098
14501424
14598601
15003726
15296711
14881405
15034664
14269976
15034669
14272493
14708807
15373218
15209949
14581541
14243505
14500872
14335888
14590056
14191532
14222904
14788003
14559581
14841396
15140166
15007430
14410484
15410174
14550658
14840771
14776284
14408054
14313390
14508418
14973598
15092680
15090853
14908382
14893452
14817964
15020455
14589038
15011581
14559898
15104136
15181951
14539458
14915507
15000453
15029892
14984498
14890256
14171849
14926259
14289818
15386849
15166089
15428441
14221826
14524410
14905309
14367775
14222934
14269237
15119566
14430100
14408135
14539465
14262791
14930965
14328609
14450239
14373779
14604134
14180589
14183481
14349851
14778064
15006480
14529951
15189896
14258531
15227819
15233612
15246231
14298408
15022912
14842864
14740198
15301434
14412378
15044449
14220461
15006798
14907143
15240910
15009324
14674967
14590439
14418432
14802470
14157648
14394552
14390395
14704996
15306214
15302786
15252686
15338823
15144391
14521636
15053805
15382638
14349469
15127012
14291869
14640240
14715590
14846118
14472502
15291054
14420098
15347387
14854528
14562919
14945482
15182461
15236802
14856688
15381561
15288814
14851062
14467693
14300220
15342826
14237288
14674333
14757904
15079981
15215577
14249120
14577741
15232658
14606448
15359690
15080556
15313112
14527152
14590063
14616781
14433091
14934709
14787876
15095592
14848365
14261365
14337257
15156041
15236590
14280860
14217208
14699364
14404813
14310692
14707422
15162585
14237904
14661369
14304525
15415380
15194538
14939846
15090391
14596246
14300625
15109687
14660903
14888368
15199112
14846554
14245276
14751342
14275247
14404260
14854425
14938029
14478342
14510841
14668043
15125478
15428428
14947887
14352761
14832954
14882653
15169649
14427693
14419385
14574510
15413838
14480394
14186693
14696980
14769719
15407145
14606334
15095604
15376460
14615833
14332160
14439059
14338203
15325345
14834891
14658956
15223161
15373831
15204360
15110144
14840837
14317394
15378819
15331516
15205361
14604547
14419242
14951517
14213519
14969824
15080488
15019028
14171276
15076361
15295256
15132594
14758950
15130261
14546806
14930624
14905671
14274766
15353469
15198228
14372056
15110465
14578329
15135438
15311361
14483476
14776265
14645823
15206759
15374536
14994646
15254144
15196369
14182140
14165215
14936065
14239667
15049653
14367703
15066073
14346702
14376228
14256125
14401172
14373925
14469488
14521030
14987610
14950568
15142988
15121843
14542747
15277702
14223753
15419581
14838503
14365372
15046348
14866731
14572580
14508950
15361983
14201799
15144508
14861042
14505206
14518204
15140155
14655277
14348611
14691420
14924350
14866759
14172632
14265664
15110874
14415024
14975544
14456523
14433447
14927208
15135466
14671180
14987243
14253228
15391175
14722338
14514859
14754191
15152410
15103548
14239181
