3377634
1800781
1683568
1765132
1817671
1783901
1803589
1707905
1690107
1714992
1738866
1704188
1816703
1734662
1703228
1685880
1705146
1811123
1743564
1804497
1737399
1702287
1821867
1684020
1738910
1714492
1740757
1737904
1752485
1775929
1791433
1719680
1698547
1752449
1728086
1817190
1770765
1723826
1806884
1704622
1793247
1747316
1744074
1779684
1730908
1702773
1698077
1741687
1803125
1777329
1706961
1689651
1720575
1715403
1727146
1779194
1745886
1778714
1765596
1727620
1731365
1776850
1709337
1754815
1722468
1748724
1804532
1792806
1749620
1715918
1699512
1819535
1739840
1751557
1696186
1760910
1767485
1721538
1759036
1822351
1774978
1739804
1740769
1748267
1818575
1695747
1721074
1747789
1793772
1687738
1701351
1742672
1691503
1749166
1741208
1728566
1793252
1693889
1782020
1705606
1790011
1718221
1813471
1722472
1736049
1806874
1708870
1805470
1785324
1704119
1810596
1688222
1775435
1742170
1758092
1703291
1776376
1726218
1745483
1725285
1791843
1700894
1796560
1723381
1801259
1706534
1823746
1749658
1800326
1681227
1757190
1719654
1723876
1815295
1730415
1724832
1701378
1739810
1764664
1750142
1767926
1739299
1818614
1749605
1754370
1721056
1749648
1808276
1769832
1738881
1716856
1732766
1824201
1746881
1765616
1682612
1707505
1712610
1682628
1712586
1763277
1810626
1819980
1713515
1699925
1751090
1814838
1721528
1689176
1733242
1714943
1776391
1774041
1793258
1793249
1701334
1776424
1757642
1790020
1788590
1758576
1805504
1744040
1754802
1696646
1711206
1691049
1817204
1683075
1782940
1812048
1741235
1825133
1732766
1754821
1818612
1802638
1688232
1759541
1705567
1683566
1771714
1761415
1762770
1707921
1761390
1722006
1819519
1708386
1782917
1707465
1787212
1736533
1697107
1751535
1782034
1709277
1741725
1812036
1690089
1693373
1772156
1709356
1799383
1713092
1781058
1783482
1709796
1700916
1816721
1794241
1744975
1715905
1692411
1775918
1706992
1714971
1694789
1730944
1708394
1685411
1744491
1770781
1734199
1705160
1746860
1744996
1739366
1751039
1801253
1749672
1824192
1706522
1759964
1785789
1783403
1748712
1737450
1740272
1815825
1790436
1736538
1721478
1764216
1678882
1817671
1739392
1761829
1737002
1795123
1758130
1699033
1712150
1801268
1768887
1799347
1750094
1730379
1704634
1786251
1714034
1692955
1800766
1786220
1728076
1759976
1771238
1818139
1776855
1719636
1768434
1701354
1784368
1768438
1799356
1688685
1824206
1703697
1797948
1744027
1748258
1729031
1698537
1768431
1794666
1814832
1760448
1719179
1782486
1738412
1725764
1820914
1797973
1710275
1763282
1709781
1814886
1780175
1690576
1759517
1760447
1681701
1791886
1782943
1781539
1739350
1722008
1768876
1690098
1819546
1752980
1768399
1739346
1724789
1740257
1734649
1742603
1754354
1767012
1691093
1709325
1737930
1707912
1721972
1754836
1744527
1750612
1685868
1806414
1786675
1719188
1775898
1804526
1714938
1813933
1804541
1771230
1727120
1729032
1752008
1771207
1795604
1798926
1821880
1770788
1688252
1718683
1732288
1721983
1696674
1771233
1784387
1756216
1757635
1808738
1709334
1741199
1741202
1691070
1782021
1799818
1802223
1709791
1712629
1817640
1740293
1717345
1683556
1817202
1706998
1704174
1801261
1777336
1773536
1789988
1759036
1729948
1712577
1697593
1807337
1756733
1718225
1683097
1713065
1814396
1773101
1770770
1796551
1736067
1686848
1810205
1679341
1733288
1762796
1789536
1684943
1788607
1745438
1797008
1732756
1697615
1688217
1738874
1796094
1797456
1714494
1749173
1717779
1772652
1728577
1741200
1694340
1730877
1755746
1801705
1695681
1747825
1781581
1759505
1712134
1727607
1804527
1814400
1778272
1712593
1693872
1814958
1763290
1761387
1764677
1727619
1744003
1751097
1801276
1708394
1811530
1703696
1743558
1724781
1804959
1722926
1751969
1701824
1716346
1723407
1711694
1721040
1803071
1766068
1728038
1816697
1753417
1694785
1712566
1748275
1694338
1762779
1812974
1695251
1723886
1764673
1790471
1750126
1774970
1691479
1805510
1766076
1746885
1747320
1759058
1696700
1693379
1693402
1780160
1725734
1696189
1703697
1794236
1741216
1795612
1795636
1789554
1801302
1695696
1708389
1735126
1757149
1753853
1808736
1777788
1770772
1791424
1769416
1713558
1809697
1774973
1795627
1751053
1767493
1824206
1706997
1709333
1716813
1798418
1794200
1820482
1756231
1745934
1824679
1696685
1809255
1813462
1789537
1689623
1749650
1806430
1690637
1797474
1714946
1698071
1741209
1686804
1781094
1778762
1697148
1754829
1764182
1813891
1758106
1697594
1701845
1723347
1759517
1812481
1718218
1715909
1767944
1816720
1723392
1691036
1735625
1803576
1719627
1782946
1709339
1715899
1818115
1742152
1756185
1761864
1743589
1780613
1804063
1824158
1819522
1802200
1685880
1729958
1752500
1717307
1739356
1764156
1823728
1721561
1699031
1758093
1737956
1718692
1751533
1727608
1711192
1769354
1750153
1801723
1787170
1702277
1695754
1757157
1811075
1809208
1694788
1782478
1737020
1723883
1716830
1727180
1684020
1819979
1742643
1785784
1748709
1726199
1725280
1751081
1781022
1698090
1789498
1705588
1724361
1714932
1730899
1685898
1805937
1765105
1759009
1720608
1705570
1761845
1739353
1697635
1702323
1806839
1793727
1725297
1744052
1701399
1687763
1787655
1716880
1777788
1808294
1764712
1817160
1800777
1701811
1714962
1706034
1732903
1708846
1727627
1719150
1684482
1779216
1769384
1701352
1682158
1753897
1772622
1731355
1707460
1812052
1762334
1703693
1705113
1705099
1716397
1696186
1686801
1783893
1815810
1759956
1814354
1781561
1774496
1812487
1720596
1723872
1821871
1805446
1690077
1815783
1810212
1745442
1774524
1705608
1763724
1771717
1802172
1774039
1707912
1741235
1753877
1782038
1752930
1764619
1757627
1809196
1802620
1780127
1692459
1822811
1786828
1716828
1772621
1817661
1735576
1739319
1750122
1785267
1734155
1732730
1819982
1714519
1807825
1711219
1794650
1796981
1691062
1730419
1698544
1745456
1688679
1752957
1770735
1786722
1753422
1762800
1693864
1704611
1702762
1803564
1769347
1748739
1794707
1741681
1710276
1721516
1775945
1718669
1721073
1794203
1684985
1757175
1683541
1712144
1780628
1820939
1808748
1729513
1743108
1809697
1708897
1799424
1767936
1818611
1756699
1745890
1737454
1703237
1720579
1699954
1738862
1723364
1784825
1818112
1694770
1791421
1728077
1722436
1697637
1825613
1720134
1715415
1759019
1701372
1771697
1702296
1710735
1724809
1815319
1753911
1745420
1714032
1800284
1725745
1730422
1681686
1735614
1706519
1824191
1691538
1774966
1702322
1680739
1805958
1726671
1714946
1710265
1725767
1712662
1703230
1734618
1806432
1785289
1719666
1685871
1751063
1722956
1690119
1782002
1683557
1683554
1731970
1807362
1819057
1699052
1729053
1710274
1774020
1737919
1752945
1779207
1700892
1803086
1692946
1768433
1720557
1696695
1704674
1686816
1804972
1759493
1815752
1803561
1701337
1747324
1760442
1713118
1810184
1760413
1750591
1713097
1803597
1788593
1809659
1773086
1770297
1797473
1727137
1692907
1785777
1682630
1782015
1711213
1759532
1761864
1732342
1779214
1731821
1710254
1709808
1801763
1802209
1815290
1805470
1814397
1724833
1688249
1707446
1780163
1794692
1808736
1703239
1780662
1816239
1727631
1730445
1766054
1820452
1719659
1699954
1701403
1743078
1695723
1696665
1711231
1717773
1688694
1737941
1785306
1686350
1721991
1765134
1813438
1761851
1710247
1819054
1797964
1768407
1760930
1753872
1683548
1795579
1783444
1800769
1726205
1784851
1700892
1716821
1746827
1706493
1733686
1792336
1734642
1700429
1819967
1731819
1759049
1792777
1784344
1805005
1722944
1750147
1823265
1744046
1817629
1716367
1789030
1705573
1700858
1693388
1806892
1722454
1736504
1760884
1705578
1704614
1698568
1737968
1781542
1812974
1745426
1813894
1732773
1703206
1760466
1753894
1719628
1713064
1735592
1747810
1737915
1764167
1742137
1738408
1787655
1704163
1802665
1793724
1726671
1709312
1741687
1711681
1775433
1802173
1762356
1749178
1686368
1823737
1761877
1737957
1775884
1735122
1772169
1724353
1801710
1692007
1749190
1767966
1772197
1798890
1782980
1712164
1742642
1734176
1773082
1713563
1768421
1762345
1769838
1699959
1770773
1702290
1735136
1781552
1815298
1684946
1751982
1744008
1801751
