2960547
1381825
1394476
1344307
1329298
1350848
1339616
1318028
1374753
1334438
1373824
1322249
1386477
1315238
1355993
1327440
1340555
1376211
1390201
1331174
1326938
1313350
1323157
1311919
1327912
1313355
1350370
1376182
1321790
1394934
1395878
1321321
1354152
1345669
1394946
1375245
1390733
1310499
1363040
1311003
1379498
1340100
1333530
1303949
1342418
1379449
1333971
1297394
1337239
1391660
1340088
1355532
1318023
1348037
1347561
1393512
1325087
1401008
1360272
1314783
1340985
1299762
1377581
1378964
1339630
1373367
1354123
1323195
1324079
1333527
1393518
1368198
1358857
1381805
1392131
1303013
1328821
1350383
1320393
1343837
1364943
1392603
1363533
1385557
1313825
1390247
1395859
1394004
1384273
1321325
1306276
1308691
1400077
1331159
1400552
1295073
1304420
1295986
1304897
1306323
1399615
1386951
1371995
1350881
1329301
1389760
1346634
1385083
1364912
1318980
1378987
1337262
1347126
1317591
1322254
1376216
1356928
1340560
1301613
1350362
1359317
1378983
1335879
1320342
1296957
1306764
1366311
1294606
1347084
1336809
1325065
1301114
1327404
1329735
1378028
1319466
1334439
1298344
1369151
1300674
1399129
1325058
1374785
1376183
1389285
1369661
1377541
1345672
1349008
1364461
1326454
1302557
1393035
1305819
1370505
1350382
1334929
1307240
1297398
1337714
1309583
1316622
1392613
1296468
1356927
1322714
1326945
1384624
1326941
1297396
1333510
1356497
1369147
1327406
1389744
1370113
1401465
1356951
1349933
1312870
1370534
1311960
1372390
1340088
1377588
1299243
1316626
1393998
1376186
1321758
1354601
1358358
1299779
1372879
1343847
1316638
1349488
1299722
1365380
1380399
1324147
1358328
1347081
1346638
1395423
1351794
1386505
1387887
1326464
1373374
1389301
1372870
1370553
1352709
1346203
1387899
1361203
1379496
1379944
1349474
1389329
1356016
1333026
1353234
1305368
1359314
1341938
1375271
1319398
1363496
1363546
1326445
1377109
1350883
1330173
1329301
1321321
1332093
1308143
1378554
1386516
1297848
1325552
1321807
1322728
1341459
1371498
1359805
1364479
1367729
1349905
1344291
1331158
1396825
1370570
1343860
1347082
1290380
1319904
1378538
1391656
1305359
1316117
1312413
1385112
1315217
1340074
1394905
1390716
1298806
1392108
1330695
1391169
1378508
1382745
1301585
1392622
1351339
1327439
1313823
1336331
1358344
1363044
1391209
1355099
1330197
1343830
1378558
1346620
1303499
1332105
1328780
1315212
1362590
1368709
1386035
1343361
1377113
1364920
1353217
1379505
1318974
1303483
1290849
1389301
1324111
1333076
1322263
1327862
1314298
1322729
1349910
1318517
1396350
1358369
1361665
1345213
1368668
1310523
1313794
1381812
1296946
1371982
1322275
1307695
1348527
1366359
1374298
1353672
1363971
1375243
1340079
1389300
1363519
1382286
1345244
1389294
1373351
1384151
1367746
1390710
1299306
1333027
1308680
1303977
1393522
1377586
1328373
1299735
1367714
1340534
1357433
1372407
1379472
1371953
1345687
1332119
1399601
1307223
1398193
1302120
1296006
1364932
1315209
1316633
1364476
1312867
1354143
1383716
1293677
1363998
1368217
1387907
1335856
1333513
1377088
1302551
1380876
1346626
1361609
1310502
1342879
1381805
1350846
1338659
1345675
1298363
1322717
1298332
1348984
1377097
1363051
1347087
1318480
1375239
1370546
1339606
1353178
1328366
1296438
1305382
1328834
1291788
1301588
1298780
1341984
1356951
1323656
1389333
1319461
1368208
1305816
1301129
1362084
1311927
1337248
1290853
1360697
1381842
1312883
1354163
1314735
1386462
1327858
1331182
1381773
1332099
1332548
1345710
1309119
1303498
1326490
1366812
1393982
1360240
1306798
1306767
1341008
1348979
1347612
1310050
1390259
1330248
1363499
1352718
1345677
1298810
1341499
1378521
1304435
1301149
1373380
1313822
1346182
1323240
1379479
1347594
1347110
1318047
1378997
1357907
1391212
1393961
1299759
1369629
1310514
1297380
1356966
1341005
1318500
1353652
1298324
1389795
1333024
1380863
1344786
1307236
1319921
1363970
1384144
1353702
1337704
1303957
1376658
1324112
1348975
1329286
1323658
1340566
1303500
1333045
1296960
1364895
1360710
1383162
1324605
1332570
1298800
1305331
1303464
1359774
1371499
1305892
1316606
1348010
1384156
1349901
1327429
1328335
1372423
1314270
1373848
1378511
1332572
1337259
1316640
1380844
1303515
1301619
1308187
1340551
1341957
1398217
1396344
1325998
1316631
1316585
1331162
1361151
1353697
1364926
1322721
1373380
1363992
1359792
1370035
1324590
1389330
1324116
1298341
1357411
1332557
1389310
1376186
1362080
1354601
1299299
1329292
1302075
1363060
1307266
1346160
1379014
1385569
1398202
1351784
1389363
1376139
1374782
1342878
1380427
1313809
1370548
1302551
1385074
1308184
1326445
1329287
1364473
1353680
1376192
1327382
1303964
1320395
1306786
1316620
1333028
1316157
1355071
1363991
1377226
1363057
1342874
1304894
1370552
1295545
1386498
1328343
1299270
1340998
1372446
1294119
1331189
1368213
1388856
1378524
1316653
1388384
1382278
1303030
1369634
1379935
1333047
1380404
1376640
1377106
1332112
1339100
1362594
1307706
1364452
1325103
1342867
1379474
1386480
1355552
1298367
1334922
1324150
1374802
1383660
1378531
1364449
1392130
1303993
1362579
1321303
1337713
1299728
1373858
1394471
1363042
1331168
1314711
1374297
1354124
1393533
1308214
1389293
1333981
1348502
1314248
1383205
1294125
1328829
1329766
1383677
1349426
1391191
1335869
1363964
1382298
1394947
1378055
1395859
1326481
1325026
1303019
1378990
1321305
1337711
1394456
1322718
1373853
1367232
1353203
1343347
1296951
1374262
1328339
1382743
1332106
1331639
1303496
1388852
1312428
1326012
1335421
1338652
1353245
1340085
1333032
1305383
1346137
1306778
1347591
1352259
1376186
1374275
1395392
1346125
1379008
1373845
1386017
1365862
1318018
1399615
1311446
1391199
1339154
1299269
1362573
1389733
1357432
1397746
1363962
1317549
1383191
1383209
1322719
1302985
1314274
1316590
1312851
1379488
1355108
1305897
1293188
1365847
1372927
1374284
1330227
1321800
1363974
1359724
1347594
1375230
1365381
1345710
1395394
1378533
1364906
1304422
1342884
1341946
1299713
1295533
1330222
1353230
1347096
1374286
1315227
1366780
1311441
1376624
1325069
1308652
1394013
1377136
1342860
1296010
1354108
1347577
1395864
1310988
1382735
1383231
1365390
1309128
1307238
1385555
1333953
1292247
1344265
1335351
1321304
1337742
1387885
1319486
1309581
1383219
1392153
1384595
1369602
1371519
1315218
1391173
1356009
1299778
1311944
1345713
1307239
1334434
1341934
1326932
1321794
1315709
1334422
1381337
1342433
1374769
1306304
1362572
1368665
1300187
1357883
1337295
1390728
1298347
1352276
1351795
1386979
1357417
1329716
1330262
1363999
1356968
1347122
1355526
1298823
1338191
1317582
1360232
1397739
1307250
1372436
1311457
1390274
1332082
1377573
1356014
1371969
1330714
1384633
1393079
1365873
1330242
1310536
1371964
1384168
1324101
1384168
1382287
1373826
1320817
1339613
1349911
1329263
1330679
1364908
1374758
1347589
1357422
1357408
1387909
1355073
1378500
1388867
1304426
1364953
1349933
1357406
1304919
1347113
1388841
1301161
1318507
1295076
1360241
1369603
1357430
1346654
1316118
1319890
1303503
1310063
1336265
1297898
1350860
1319441
1365419
1333986
1356483
1338209
1347187
1324579
1373844
1371493
1328797
1364914
1337258
1310991
1395872
1347566
1329284
1366349
1389309
1364509
1390269
1308696
1354172
1371022
1341951
1315186
1352303
1305845
1309604
1398668
1313797
1341934
1325554
1317585
1298810
1393982
1368209
1345730
1348959
1317140
1292247
1321808
1380419
1380411
1323652
1344760
1359272
1365837
1336810
1385139
1334913
1343320
1366810
1314755
1384623
1295512
1372885
1393963
1371977
1343333
1313786
1347569
1388356
1305403
1334902
1392123
1361670
1300697
1382292
1364449
1377597
1320387
1301152
1371033
1383205
1297893
1351319
1335389
1316163
1313344
1294120
1394921
1377588
1348999
1353678
1337289
1379454
1321790
1318014
1324581
1341499
1369617
1292729
1317528
1389785
1368699
1300689
1383195
1348485
1393527
1311453
1302529
1344311
1367267
1386008
1369626
1356016
1396800
1304416
1344778
1339145
1295516
1340519
1331635
1363512
1343847
1317112
1367725
1393063
1371950
1328804
1316599
1372878
1337262
1345680
1312423
1356037
1379466
1384622
1344292
1354140
1393533
