67960
67969
67960
67937
67970
67960
67942
67979
67977
67957
67967
67970
67976
67975
67978
67983
67938
67926
67964
68009
67966
67967
67959
67968
67958
67999
67969
67970
67977
67982
67975
67977
67986
67984
67996
67947
67980
67951
67972
67960
67977
67950
67970
67978
67978
67946
67970
67960
67971
67981
67981
67919
67985
67994
67989
67988
67945
67989
67949
67976
67976
67989
67983
67969
67963
68000
68003
67970
67976
68003
67967
67959
67984
67985
67968
67981
67969
67985
67962
67963
67985
67971
67976
67953
68001
67970
67958
67992
67982
67996
67974
67978
67950
67977
67973
67981
67971
67961
67979
67950
67992
67974
67989
67948
67973
67990
67996
67975
67982
67920
67984
67929
67948
67977
67948
67984
67959
67973
67990
67974
67956
68002
67977
67953
67941
67945
67988
67977
67958
67979
67976
67987
67959
67970
67977
67999
67987
67937
67925
67949
67978
67952
68019
67979
67998
67984
67956
68001
67979
67968
67999
67977
67973
67971
67965
67979
67969
67957
68002
67937
67987
67963
67954
67976
67991
67958
67990
67968
68000
67962
67962
67950
67974
67972
68022
67979
67979
67954
67976
67951
67944
67981
67995
67971
67996
67961
67974
67969
67974
67971
68000
67940
67965
67989
67997
67965
67977
67950
67996
67963
67983
67989
67976
67966
67980
68027
67968
67979
67964
67973
67995
67991
67983
68006
67987
67992
67949
67975
67976
67973
67964
68005
67968
67978
67967
67974
67967
67981
67943
67966
67960
67960
67986
67965
67972
67987
67988
68007
67984
68003
67984
67938
67983
67961
67986
67947
67962
67974
67950
67947
67954
67967
67957
67982
68003
67985
67975
67972
67927
67958
67977
67967
67979
67990
67993
68000
67956
67980
67978
68002
67950
67955
67991
67989
67995
67957
67995
67971
67978
67980
67978
67921
67985
67942
67960
67996
67986
67946
68003
67976
67952
68015
67969
67971
67949
68001
67979
67965
67960
67960
67980
67984
68004
67955
67996
67965
67965
67989
67985
67992
67989
67973
68004
67957
67985
67958
67982
67979
67942
67953
67956
67974
67967
67957
67976
67991
67972
67991
68003
67971
67964
67967
67981
67952
67989
67960
67987
67961
67954
67976
67975
67955
67979
67955
67999
67970
67937
67999
67961
67964
67977
67976
67964
67979
67965
67976
67979
67976
67985
68043
67951
67957
67980
67957
67975
67976
67975
67954
67961
67969
67978
67975
67959
67970
67962
67971
67974
67962
67961
68001
67946
67988
67975
67988
68005
67949
67981
67986
67953
67984
67978
67971
67992
67975
67967
67977
67974
67993
67967
67971
67960
67950
67952
67993
67965
68005
67995
67947
68010
67956
67979
67993
67960
67972
67966
67969
67952
67981
67984
67972
67941
67970
67954
67939
67983
67984
67976
67951
68003
67983
67970
67964
67973
67970
67954
67973
67964
68025
67964
67958
67968
67946
67963
67961
67970
67952
67995
67938
67950
67981
67977
67976
67979
67954
67973
67987
67994
67964
67979
67978
67970
67947
67981
67989
67982
68003
68001
67953
67966
67998
67968
67978
67962
67988
67977
67988
67956
67970
67935
67984
67972
67953
67992
67983
67982
67991
67973
67979
67972
67979
67960
67966
67985
67975
68011
67981
67979
67961
67985
67972
67941
67976
67950
67984
67995
67969
67962
67978
67978
67987
67992
67947
67951
68003
67973
67998
67967
67948
67972
67972
67982
67952
67981
68025
67953
67959
67977
68004
67995
67975
67960
67935
67980
67969
67950
67973
67967
67977
67969
67959
68015
67957
67986
67980
68010
67989
68003
67975
67974
67962
67966
67975
67956
67955
67958
67962
67955
67979
67977
67979
67990
67940
67968
67939
67957
67987
67986
68007
68015
67967
67994
67943
67970
67967
68006
67957
67964
67948
67979
67963
67960
67967
67976
67972
67982
67970
67971
67945
67947
67946
67969
67954
67973
67984
67987
67964
68016
67955
67994
67958
68012
67998
67971
67952
67966
67989
67971
67968
67964
67970
67974
67967
67972
67965
67976
67966
67968
67984
67968
67981
67986
67963
68001
67962
67967
67964
67991
67940
67950
67947
67973
67969
67993
67979
67975
67928
67984
68008
67962
67981
67976
68001
67975
67976
67980
67974
68006
68005
67969
67997
67990
67977
67963
67950
68020
67959
67988
67957
67988
67975
67981
68011
67924
67947
67942
67957
67955
67972
67983
67990
67982
67986
67970
67959
67942
67933
67960
67987
67965
67960
67954
67985
68015
67973
67951
67951
67947
68000
67973
67948
67982
67936
68006
67944
68010
67968
67968
67998
67962
67960
67960
67996
67994
67989
67982
67968
67954
67980
67988
67964
67966
67934
67988
67980
67963
67958
67946
67991
67983
67996
67964
67985
67948
67997
67974
67962
67968
67962
67981
67958
67947
67981
68009
67958
67945
67986
67966
67981
67994
68000
67955
67992
67973
67964
67965
68005
68014
67951
67970
67984
67980
67980
67960
67948
67989
67956
67953
67965
67965
67976
67976
67945
67993
67966
67954
67962
67993
67957
67994
67974
67962
67990
67970
68019
67972
67975
67994
67964
67998
67983
67919
67973
67978
67993
67972
67964
67980
67961
68001
68004
68002
67982
67980
67966
68014
67993
67989
67951
67975
67965
67960
67974
67955
67940
68015
67958
67960
67991
67953
67956
67947
67967
67955
68000
67958
67962
67997
67992
67987
67994
67974
68014
67962
68007
68003
67939
67954
68018
67951
67974
67978
67985
68001
67989
68007
67962
67989
67974
67960
67965
67976
67968
67946
67986
67938
67972
67988
67961
67993
67988
67965
67981
67987
68001
67953
67980
67971
67974
67994
67987
67940
67943
67979
67989
68000
67969
67964
67997
67980
67994
68013
67976
67974
67980
67968
67952
67973
67974
67952
67965
67977
67968
68004
67982
67971
67949
67971
67978
67974
67986
67952
67982
67983
67996
67985
67965
67990
67971
67960
67963
67958
67976
67953
67986
67966
67991
67966
67954
67971
67981
67991
67951
67972
67975
67972
67969
67989
67994
67987
67958
67969
67991
67956
67964
67966
67999
67984
67986
67958
67975
67950
67960
67968
67954
67968
67962
67949
68003
67968
67961
67962
67961
67980
67980
68003
68002
67962
67990
67983
67970
67969
68008
67958
68005
67978
67964
67984
67973
67967
67978
67958
67985
67942
67983
67935
67971
67982
67972
67967
67984
67976
67965
67996
67947
67976
67993
67934
67977
67990
67964
67937
67965
67945
67961
67997
67955
67956
67971
67952
67972
67971
67965
67951
67992
67949
67979
67937
67982
67960
67993
