6996
7004
7003
7005
6989
6997
6999
7002
6999
7004
6997
6997
6997
7000
7002
7003
6999
7017
6993
7001
7001
6996
7001
6999
7001
7000
7003
6998
6992
6994
7009
7004
7001
7001
6996
7001
7007
6999
6998
7001
6999
7008
7011
7005
7001
7012
7008
7000
7008
6999
7004
7008
6998
7003
6999
7002
7000
7007
7006
6995
7001
6993
6999
7006
7002
7002
7002
7003
6995
7004
7003
7002
6998
6999
7000
6991
7009
7006
7001
7013
7012
6988
6999
7011
6994
6994
6997
6995
7004
6992
7002
6996
7000
7002
7000
7007
7002
6990
7006
6999
6993
6997
6992
7009
7012
7001
6997
6992
6999
7000
7001
6992
6998
7001
6994
7001
6997
6992
7000
7004
7006
6999
7001
6998
7002
7001
7009
7002
6996
6996
6999
7007
7003
7001
6998
6994
6996
7001
6994
6997
7002
6996
7006
7007
6993
6996
6987
6996
7003
6992
7002
7005
7003
6989
6994
7005
7003
7000
6995
6999
6996
6997
7005
6995
7001
6997
7002
6995
7001
7001
7001
7014
6995
6999
7004
7005
6991
7005
7009
7006
7002
7007
7013
7001
7009
6993
7008
7001
6993
7005
7000
7002
6993
6997
7001
7013
6996
6997
6991
7007
6993
7013
6996
7003
7005
6994
7004
7007
6999
7003
6998
6999
6998
7002
7005
6993
7004
7001
7007
6994
7004
7001
6999
6991
7001
7006
7011
6997
6990
6996
7011
7003
6996
6990
6992
6996
6997
6998
6987
7001
6994
6996
6996
7007
6997
7006
7001
7001
6996
7002
6998
6992
7002
6993
7004
7009
7006
7006
6989
7004
7004
7000
7003
7002
6997
6992
7009
7007
7011
7006
7003
7003
7006
6998
7004
7008
7000
6995
7003
7004
7004
7005
7008
7000
7001
7000
7004
6995
7009
7003
6997
6997
6998
7008
7001
6997
6993
6996
6999
7000
6990
7005
7000
6999
7006
6997
7004
7008
6995
7003
7000
7003
6998
6999
7006
7007
6993
7000
6999
7007
6992
7002
7007
6996
7003
6999
7000
6994
6997
6998
7003
7003
6992
6997
7011
7007
6991
7005
7003
6995
7010
6994
6989
7000
7009
6990
7000
7002
6999
7000
6999
7007
7007
7009
7007
6997
7003
7010
7000
7001
7003
6991
7008
7004
7004
7009
7003
6999
6994
6992
7006
6987
6999
7004
7004
7000
6992
7008
7004
7005
7009
7002
7005
7003
6995
7002
7002
7002
7001
6996
6998
6988
6988
6999
6987
7001
6991
6998
6990
7005
6994
6998
7010
6996
7006
7009
6999
6995
7003
7003
6991
7000
6996
6999
7000
7005
6995
6999
7006
6991
7003
7007
6995
6999
7000
7001
7007
7006
7001
6993
7001
6992
7004
7005
6999
7008
7000
7000
7012
6995
6993
6996
6992
6998
6992
7004
7001
6997
6995
7001
7004
6990
6992
6998
6997
6999
7002
6988
7004
7000
7006
6996
7009
6989
7002
6999
6990
7000
6997
6998
7010
6999
7008
6999
6996
7000
6998
7001
6996
7004
7004
6988
6998
7000
7005
6994
6992
6994
6997
7000
7003
6991
7005
7015
7010
6992
7007
7007
7004
7003
7000
7001
6998
6994
7004
6995
7002
6992
6999
7004
6994
7014
6997
7004
6998
6990
7001
6992
7002
6999
6999
6996
7003
6991
6995
7003
7008
7005
6997
7002
7007
6991
7001
7011
6994
7010
7016
6995
6993
7007
6993
7001
6997
6999
6997
6998
7001
7001
6999
6996
6993
7000
6994
6999
7010
6999
7004
7003
7002
6996
7002
7006
6993
6994
7003
6994
7002
7015
7004
6996
7009
7000
6989
7002
6998
7009
6999
6997
6993
7013
7003
6999
6999
7001
6993
6998
7008
6993
7003
7006
6990
6997
7011
7002
6994
6997
7000
7010
6993
7002
7004
7011
7003
7007
7003
7006
7003
6998
7005
7012
6994
7012
7001
6993
7003
6995
6996
6998
6992
7001
7011
6988
6993
6995
7003
6996
6994
7007
6996
7000
6996
7015
6996
6993
6997
7009
7002
7002
7000
7009
7002
6999
7007
6992
6990
6998
7003
6999
7004
7000
7011
6991
6999
6995
6988
7011
6993
6997
6997
6997
7003
7010
6999
7003
6997
6997
7005
6994
7000
7007
7009
7005
7000
7005
6994
6995
7000
7002
6990
6989
7000
6989
7001
6996
7006
7005
6999
7001
7000
7012
7001
6997
6997
7002
7005
7004
7009
7002
7001
6999
6986
7002
7000
7000
6997
6999
7002
7002
7004
7000
7001
6998
7006
7001
7001
7004
7003
6998
7001
7001
6995
7010
7001
6992
6989
6993
7003
7009
7009
6992
6998
6999
7002
7000
6993
6996
6999
7002
6996
7006
7005
7007
6996
6992
6996
7001
7002
6998
6998
7005
6999
7001
7000
6997
6999
6994
7001
7000
7006
6995
7006
6998
7002
7004
6999
7005
7002
7006
6998
7003
7002
7002
7003
7002
6995
6997
6999
7004
6999
6999
7001
6999
6999
6996
7012
7003
7002
6989
6995
6995
7006
7012
7004
7005
6998
7003
6999
7007
6997
7006
7001
6999
7005
7002
7005
7000
6997
6998
6994
6997
6996
7009
7002
7004
7012
6997
7007
6998
7000
7009
7007
7003
6999
7005
7009
6997
7009
7002
7008
7005
6992
7006
6996
7008
6992
6999
6999
7000
6991
7003
6998
7001
7005
7004
6998
7006
6996
6999
6995
7014
6997
7007
6993
7003
6992
7006
7003
7003
6993
7007
6998
7003
6999
7003
7005
6993
6997
7002
6993
7001
6991
7011
6996
7005
7006
7002
6987
6995
6995
7010
7009
6996
6999
6998
7010
6995
6991
6998
7002
6994
7000
6996
6999
6992
7003
6993
6996
7009
7012
6999
6994
6994
7003
7008
6996
6996
6996
7007
7000
7000
7000
6994
7003
7007
7003
7004
6990
6998
7006
6999
7000
6999
7001
7000
7000
7011
7005
7009
7007
7005
7007
7004
7004
6987
7004
6997
7005
6999
7005
7002
7007
7000
7005
6995
7000
7004
7005
7004
6999
7000
7002
7012
6995
7007
6999
7004
7013
7005
6994
7002
6999
7002
7003
7005
6995
7011
7003
7005
7007
7003
7002
7006
7005
7005
6996
7003
7004
7011
7003
6998
7008
7011
7010
7003
7002
6993
7002
6997
6998
6996
7001
7002
6996
7000
7000
7007
6996
7006
7006
7001
