4890
4903
4889
4890
4886
4896
4890
4891
4889
4885
4887
4892
4891
4886
4885
4885
4886
4886
4892
4894
4888
4887
4888
4884
4889
4887
4885
4887
4878
4892
4884
4889
4890
4888
4886
4879
4895
4880
4885
4883
4885
4882
4887
4885
4882
4889
4883
4884
4897
4889
4885
4884
4886
4884
4889
4887
4887
4895
4878
4896
4891
4890
4888
4883
4884
4884
4891
4887
4892
4889
4890
4888
4886
4887
4887
4887
4888
4887
4877
4886
4887
4879
4885
4884
4894
4892
4884
4891
4885
4887
4891
4890
4887
4887
4887
4884
4879
4889
4886
4895
4892
4890
4882
4886
4886
4888
4887
4887
4893
4884
4877
4881
4889
4887
4891
4890
4893
4884
4880
4896
4885
4882
4886
4880
4886
4893
4898
4890
4890
4888
4881
4885
4881
4887
4886
4889
4885
4891
4890
4892
4883
4885
4884
4880
4887
4887
4888
4877
4885
4892
4885
4890
4894
4894
4888
4888
4893
4881
4889
4887
4883
4888
4884
4888
4888
4902
4889
4883
4883
4889
4891
4885
4893
4884
4883
4882
4889
4890
4890
4886
4892
4889
4898
4892
4887
4878
4888
4892
4890
4887
4887
4886
4889
4893
4891
4881
4891
4894
4883
4899
4896
4887
4883
4893
4884
4877
4885
4898
4883
4887
4890
4879
4882
4886
4888
4887
4887
4890
4886
4897
4887
4884
4887
4871
4882
4888
4883
4885
4892
4883
4878
4888
4891
4895
4883
4884
4880
4887
4881
4889
4881
4890
4883
4882
4877
4889
4886
4891
4882
4889
4888
4889
4886
4891
4887
4890
4888
4888
4875
4886
4885
4891
4881
4889
4886
4881
4890
4886
4889
4892
4884
4881
4891
4884
4887
4891
4893
4885
4894
4889
4884
4884
4892
4891
4891
4893
4878
4891
4888
4885
4884
4881
4883
4889
4882
4891
4886
4883
4899
4888
4880
4891
4889
4886
4884
4898
4887
4891
4886
4891
4887
4881
4886
4879
4881
4900
4884
4892
4884
4886
4887
4879
4890
4893
4889
4885
4897
4886
4881
4885
4892
4888
4884
4880
4888
4883
4894
4892
4889
4887
4882
4885
4894
4887
4879
4891
4881
4893
4881
4882
4885
4889
4894
4882
4887
4886
4892
4892
4888
4888
4894
4882
4882
4885
4879
4885
4885
4890
4892
4877
4887
4886
4896
4886
4887
4892
4883
4894
4884
4894
4891
4884
4885
4895
4894
4884
4896
4893
4894
4884
4885
4883
4889
4876
4886
4887
4878
4883
4892
4875
4884
4886
4893
4895
4886
4880
4884
4886
4886
4887
4884
4901
4897
4892
4888
4891
4889
4890
4893
4883
4883
4889
4892
4889
4891
4885
4885
4888
4895
4889
4889
4883
4884
4893
4888
4883
4896
4892
4895
4890
4885
4886
4876
4890
4884
4879
4892
4894
4881
4891
4881
4884
4876
4884
4888
4886
4896
4879
4884
4881
4883
4882
4887
4899
4887
4882
4886
4884
4893
4882
4887
4885
4881
4890
4881
4886
4885
4887
4882
4881
4884
4892
4889
4885
4886
4889
4891
4881
4890
4885
4885
4877
4895
4893
4878
4882
4893
4883
4879
4891
4880
4887
4886
4886
4888
4893
4882
4880
4884
4896
4885
4883
4883
4882
4887
4895
4885
4884
4886
4888
4886
4885
4889
4887
4883
4890
4882
4876
4890
4887
4885
4894
4887
4887
4881
4884
4882
4892
4891
4883
4886
4895
4883
4888
4880
4891
4885
4886
4882
4893
4894
4888
4893
4882
4885
4886
4887
4879
4891
4888
4879
4891
4896
4883
4896
4882
4884
4880
4887
4889
4891
4878
4888
4890
4891
4892
4887
4892
4890
4890
4883
4893
4896
4892
4882
4882
4887
4887
4882
4891
4893
4889
4887
4887
4888
4895
4892
4886
4889
4893
4887
4879
4890
4885
4884
4881
4893
4885
4882
4886
4881
4895
4884
4889
4886
4883
4890
4880
4881
4884
4889
4890
4882
4886
4879
4890
4885
4878
4882
4892
4891
4895
4899
4892
4881
4881
4883
4880
4882
4883
4890
4882
4889
4893
4887
4885
4884
4885
4887
4893
4892
4882
4885
4896
4881
4890
4888
4894
4884
4890
4886
4895
4887
4884
4885
4897
4898
4891
4888
4888
4890
4886
4886
4880
4892
4886
4887
4887
4875
4892
4895
4885
4883
4890
4886
4884
4884
4884
4886
4894
4888
4892
4885
4886
4891
4892
4883
4885
4885
4886
4885
4878
4883
4891
4881
4889
4881
4888
4890
4883
4896
4884
4883
4876
4883
4894
4887
4891
4890
4881
4884
4886
4878
4881
4890
4880
4881
4889
4892
4886
4892
4884
4900
4892
4889
4894
4883
4891
4897
4891
4885
4886
4887
4894
4895
4883
4890
4885
4887
4893
4891
4887
4885
4893
4881
4885
4889
4877
4888
4890
4885
4890
4887
4896
4890
4879
4889
4888
4884
4891
4885
4888
4884
4885
4880
4888
4889
4885
4877
4900
4878
4880
4893
4883
4883
4884
4891
4886
4886
4887
4880
4882
4885
4880
4884
4897
4885
4886
4885
4883
4894
4892
4879
4890
4886
4885
4892
4885
4890
4887
4899
4883
4886
4887
4877
4883
4883
4893
4883
4884
4887
4880
4887
4886
4889
4884
4878
4892
4886
4886
4891
4890
4877
4886
4888
4882
4885
4882
4886
4892
4885
4889
4894
4892
4885
4899
4884
4888
4884
4884
4890
4890
4884
4885
4892
4892
4884
4884
4892
4884
4882
4887
4891
4894
4889
4886
4887
4883
4887
4890
4890
4882
4889
4882
4888
4886
4899
4890
4893
4888
4890
4884
4886
4885
4891
4895
4887
4896
4891
4895
4886
4881
4887
4884
4883
4885
4878
4888
4886
4890
4877
4887
4887
4891
4886
4879
4896
4881
4887
4885
4891
4886
4888
4891
4892
4881
4888
4880
4896
4884
4892
4894
4880
4886
4884
4891
4888
4882
4889
4894
4896
4895
4886
4888
4886
4883
4885
4881
4889
4890
4884
4889
4886
4887
4893
4885
4877
4892
4885
4884
4886
4894
4882
4894
4881
4888
4889
4887
4882
4883
4888
4887
4881
4884
4887
4884
4889
4886
4893
4884
4892
4887
4886
4895
4890
4888
4890
4893
4884
4890
4885
4887
4893
4890
4884
4883
4888
4883
4888
4885
4882
4882
4887
4889
4884
4892
4890
4883
4886
4888
