4877
4876
4877
4873
4869
4871
4877
4873
4871
4873
4868
4871
4867
4874
4865
4873
4855
4874
4880
4875
4875
4865
4868
4865
4866
4873
4868
4879
4870
4867
4867
4879
4863
4860
4879
4871
4867
4860
4872
4872
4869
4871
4873
4874
4876
4877
4868
4868
4873
4871
4861
4875
4867
4869
4869
4870
4882
4870
4868
4868
4870
4872
4868
4871
4875
4867
4876
4871
4865
4875
4867
4866
4873
4869
4868
4869
4867
4871
4881
4870
4870
4873
4875
4872
4863
4869
4867
4871
4876
4872
4876
4868
4873
4872
4870
4866
4874
4875
4875
4865
4865
4874
4873
4878
4875
4871
4870
4870
4865
4865
4878
4868
4869
4880
4874
4863
4871
4865
4863
4868
4873
4871
4875
4872
4867
4875
4873
4876
4874
4875
4881
4865
4871
4870
4870
4865
4871
4876
4871
4873
4868
4868
4871
4866
4870
4869
4869
4865
4865
4869
4878
4872
4865
4862
4874
4864
4877
4883
4868
4875
4866
4864
4866
4868
4866
4871
4873
4866
4875
4873
4876
4871
4871
4874
4868
4872
4866
4877
4874
4872
4865
4872
4869
4868
4866
4873
4864
4862
4884
4863
4877
4866
4868
4871
4871
4876
4875
4871
4879
4874
4874
4870
4870
4878
4864
4868
4871
4879
4879
4869
4872
4881
4874
4867
4878
4866
4871
4880
4877
4869
4871
4872
4869
4862
4866
4868
4871
4866
4870
4883
4868
4866
4864
4868
4869
4873
4872
4866
4865
4881
4865
4871
4884
4866
4859
4867
4871
4874
4868
4865
4874
4866
4870
4864
4866
4873
4873
4862
4873
4873
4866
4869
4880
4867
4874
4869
4862
4869
4878
4873
4866
4868
4868
4870
4873
4872
4876
4873
4866
4858
4861
4868
4868
4866
4866
4867
4863
4865
4871
4860
4871
4874
4871
4883
4869
4867
4864
4867
4868
4858
4879
4868
4866
4864
4876
4866
4874
4876
4869
4870
4870
4869
4870
4869
4869
4873
4860
4866
4873
4866
4873
4872
4886
4864
4868
4874
4870
4876
4870
4861
4870
4870
4872
4864
4873
4873
4867
4867
4877
4879
4860
4875
4873
4868
4873
4876
4874
4873
4870
4879
4869
4875
4869
4868
4875
4868
4869
4873
4871
4868
4873
4864
4865
4870
4873
4869
4870
4872
4877
4871
4864
4870
4868
4876
4877
4865
4870
4869
4866
4871
4872
4875
4869
4871
4876
4875
4870
4880
4873
4875
4868
4866
4876
4864
4866
4869
4869
4870
4868
4875
4873
4872
4865
4875
4875
4877
4866
4877
4871
4874
4874
4872
4870
4874
4871
4869
4868
4877
4874
4866
4872
4874
4870
4875
4866
4873
4873
4861
4869
4875
4870
4872
4866
4877
4869
4879
4873
4877
4872
4868
4868
4867
4862
4874
4866
4874
4871
4873
4873
4868
4876
4870
4872
4870
4872
4874
4877
4866
4867
4864
4873
4874
4864
4873
4867
4871
4868
4867
4871
4863
4872
4873
4872
4867
4867
4869
4875
4873
4867
4867
4871
4875
4872
4878
4873
4874
4872
4872
4875
4877
4866
4871
4870
4867
4874
4872
4869
4872
4880
4873
4873
4868
4865
4876
4876
4869
4877
4876
4869
4873
4867
4870
4871
4872
4874
4873
4880
4872
4875
4871
4863
4873
4877
4870
4871
4875
4868
4867
4866
4869
4872
4876
4874
4872
4875
4870
4864
4867
4864
4873
4873
4866
4870
4870
4871
4867
4870
4874
4873
4866
4871
4868
4877
4873
4877
4870
4867
4875
4866
4867
4875
4868
4875
4862
4866
4873
4871
4871
4866
4874
4869
4868
4865
4866
4864
4868
4876
4876
4872
4870
4873
4873
4863
4867
4870
4872
4878
4866
4869
4871
4860
4869
4874
4876
4875
4869
4875
4874
4868
4869
4868
4869
4874
4874
4864
4870
4869
4882
4869
4876
4870
4868
4867
4872
4875
4863
4877
4867
4872
4867
4866
4870
4875
4871
4865
4867
4863
4878
4868
4869
4871
4870
4875
4870
4870
4871
4865
4879
4871
4875
4864
4865
4881
4862
4873
4872
4868
4880
4864
4867
4869
4874
4870
4880
4867
4872
4872
4866
4871
4876
4868
4874
4875
4869
4877
4867
4875
4869
4866
4877
4873
4871
4871
4868
4866
4874
4864
4872
4872
4880
4867
4868
4871
4871
4868
4868
4872
4875
4871
4862
4872
4872
4877
4878
4867
4873
4868
4874
4871
4868
4878
4874
4875
4872
4871
4863
4873
4873
4873
4871
4864
4869
4873
4869
4867
4873
4865
4875
4871
4866
4874
4871
4867
4878
4878
4873
4869
4872
4871
4865
4868
4874
4876
4875
4864
4871
4867
4878
4867
4868
4870
4870
4875
4872
4872
4866
4874
4871
4880
4874
4868
4868
4874
4871
4867
4870
4865
4867
4868
4875
4870
4877
4876
4881
4862
4864
4874
4877
4867
4874
4875
4863
4882
4869
4877
4866
4870
4868
4860
4868
4872
4867
4868
4873
4880
4870
4867
4867
4875
4883
4873
4866
4876
4862
4872
4872
4869
4872
4877
4873
4868
4873
4873
4872
4877
4867
4876
4870
4868
4868
4871
4869
4866
4870
4870
4862
4874
4866
4865
4869
4864
4865
4870
4869
4865
4868
4877
4874
4879
4867
4858
4869
4877
4868
4871
4871
4860
4874
4869
4869
4873
4871
4870
4869
4872
4865
4878
4869
4874
4877
4870
4864
4869
4862
4880
4866
4874
4868
4863
4876
4871
4868
4868
4864
4877
4880
4867
4869
4870
4878
4865
4875
4869
4863
4866
4880
4866
4866
4874
4873
4865
4869
4879
4874
4870
4865
4868
4866
4872
4866
4877
4869
4862
4870
4870
4869
4872
4873
4883
4875
4876
4873
4865
4872
4868
4879
4873
4872
4877
4872
4862
4874
4867
4872
4878
4866
4870
4868
4875
4874
4878
4874
4874
4876
4861
4866
4870
4867
4863
4867
4867
4871
4865
4871
4868
4867
4874
4864
4867
4869
4861
4873
4871
4869
4869
4862
4868
4865
4867
4872
4877
4873
4875
4870
4870
4866
4872
4871
4873
4865
4876
4865
4872
4876
4874
4867
4875
4873
4871
4867
4872
4876
4862
4873
4874
4870
4868
4877
4867
4864
4872
4860
4869
4867
4866
4873
4859
4874
4880
4870
4868
4861
4873
4875
4871
4864
4871
4865
4868
4868
