11073
11076
11061
11069
11059
11066
11065
11061
11056
11075
11071
11078
11059
11058
11065
11070
11067
11084
11068
11059
11074
11070
11067
11066
11066
11064
11064
11061
11060
11077
11065
11059
11072
11059
11061
11072
11075
11071
11062
11070
11062
11078
11071
11072
11061
11074
11068
11054
11080
11071
11063
11070
11074
11072
11058
11063
11070
11071
11070
11069
11062
11065
11067
11069
11063
11068
11066
11058
11061
11078
11069
11069
11061
11083
11049
11073
11071
11060
11065
11067
11075
11081
11064
11068
11061
11063
11074
11078
11070
11076
11059
11080
11062
11062
11077
11059
11058
11069
11080
11059
11066
11063
11073
11054
11071
11067
11061
11062
11058
11079
11067
11075
11076
11068
11076
11075
11073
11071
11061
11065
11075
11063
11078
11073
11067
11057
11068
11060
11056
11068
11073
11056
11084
11067
11069
11069
11083
11069
11070
11067
11068
11073
11061
11075
11063
11068
11063
11061
11061
11060
11057
11067
11057
11071
11058
11068
11063
11067
11089
11070
11061
11072
11055
11074
11085
11072
11065
11055
11062
11054
11071
11063
11068
11086
11056
11072
11061
11061
11063
11077
11071
11065
11069
11065
11059
11069
11082
11069
11076
11078
11067
11073
11078
11071
11067
11070
11058
11077
11074
11056
11076
11072
11079
11062
11061
11070
11066
11067
11071
11062
11071
11064
11065
11062
11061
11067
11070
11069
11077
11063
11058
11052
11069
11065
11057
11068
11062
11072
11073
11072
11062
11067
11080
11070
11073
11070
11059
11077
11073
11057
11065
11059
11078
11060
11077
11077
11061
11071
11075
11064
11071
11068
11056
11067
11060
11049
11073
11079
11072
11067
11065
11060
11060
11053
11073
11067
11080
11058
11064
11072
11070
11067
11065
11078
11065
11063
11062
11072
11078
11068
11076
11053
11060
11068
11062
11054
11071
11059
11070
11069
11069
11068
11066
11071
11067
11069
11077
11057
11061
11068
11071
11065
11069
11063
11068
11074
11072
11074
11069
11082
11073
11060
11072
11070
11058
11077
11065
11055
11067
11068
11072
11075
11060
11074
11077
11074
11062
11064
11064
11060
11063
11074
11073
11077
11084
11061
11062
11060
11062
11064
11065
11057
11075
11063
11067
11068
11060
11065
11056
11072
11076
11072
11061
11081
11059
11060
11059
11064
11078
11063
11068
11066
11070
11062
11072
11075
11064
11067
11065
11059
11064
11069
11070
11067
11063
11064
11056
11062
11062
11056
11072
11070
11061
11058
11059
11064
11051
11055
11073
11073
11067
11071
11068
11081
11065
11085
11063
11076
11073
11070
11057
11072
11061
11068
11061
11070
11063
11067
11061
11063
11065
11059
11079
11062
11055
11065
11065
11062
11074
11086
11070
11064
11077
11064
11068
11069
11067
11062
11070
11054
11061
11066
11075
11069
11061
11062
11066
11061
11081
11072
11062
11069
11069
11074
11057
11064
11068
11072
11068
11059
11063
11068
11066
11080
11066
11059
11065
11052
11064
11064
11082
11078
11058
11059
11070
11062
11079
11065
11060
11075
11056
11065
11072
11066
11069
11056
11060
11063
11068
11072
11074
11075
11064
11072
11070
11062
11081
11057
11056
11070
11081
11062
11056
11072
11067
11079
11067
11067
11072
11066
11064
11065
11078
11079
11057
11069
11064
11053
11061
11068
11058
11083
11064
11063
11065
11073
11061
11071
11062
11080
11074
11074
11071
11081
11068
11060
11072
11071
11067
11065
11061
11066
11063
11072
11063
11058
11054
11063
11058
11076
11058
11076
11069
11070
11070
11065
11066
11065
11063
11080
11073
11063
11059
11058
11070
11077
11075
11062
11065
11066
11062
11073
11074
11069
11091
11059
11067
11070
11056
11070
11065
11062
11062
11067
11054
11066
11072
11066
11068
11076
11069
11062
11075
11068
11059
11070
11073
11078
11058
11073
11057
11075
11076
11064
11062
11069
11065
11071
11063
11064
11080
11075
11074
11067
11062
11047
11048
11074
11071
11071
11072
11073
11058
11075
11066
11062
11074
11069
11071
11061
11071
11070
11065
11086
11079
11065
11063
11072
11069
11063
11056
11069
11071
11056
11080
11055
11072
11075
11077
11076
11069
11073
11066
11071
11065
11058
11072
11064
11071
11067
11073
11065
11068
11071
11064
11072
11058
11074
11068
11064
11068
11066
11070
11063
11080
11060
11063
11075
11073
11075
11073
11067
11058
11059
11069
11066
11080
11070
11065
11069
11055
11081
11057
11073
11072
11063
11059
11090
11076
11042
11075
11067
11061
11071
11058
11072
11079
11057
11069
11064
11060
11060
11063
11075
11074
11072
11078
11062
11052
11073
11067
11063
11070
11072
11080
11063
11067
11061
11070
11064
11075
11073
11079
11070
11080
11063
11080
11065
11061
11057
11066
11071
11065
11061
11073
11063
11077
11070
11054
11094
11064
11069
11075
11079
11060
11069
11070
11065
11071
11070
11063
11061
11056
11066
11066
11057
11060
11070
11057
11069
11073
11068
11071
11063
11059
11063
11073
11079
11068
11070
11073
11061
11063
11072
11078
11080
11070
11061
11059
11070
11061
11065
11067
11071
11080
11069
11066
11079
11069
11068
11074
11064
11063
11072
11084
11074
11063
11061
11065
11073
11070
11073
11064
11064
11080
11063
11060
11059
11074
11072
11066
11073
11071
11061
11066
11074
11058
11068
11061
11069
11069
11055
11060
11062
11063
11077
11074
11063
11065
11066
11063
11075
11081
11067
11064
11052
11067
11075
11065
11065
11064
11069
11061
11064
11071
11075
11073
11063
11068
11071
11072
11052
11055
11059
11071
11063
11068
11065
11079
11067
11086
11078
11062
11076
11066
11063
11060
11061
11061
11063
11065
11062
11071
11060
11066
11079
11064
11059
11064
11064
11070
11076
11057
11056
11071
11080
11070
11067
11075
11066
11065
11068
11064
11061
11079
11068
11073
11056
11064
11063
11058
11070
11075
11062
11060
11063
11058
11066
11067
11062
11068
11066
11077
11067
11065
11066
11067
11076
11077
11055
11074
11065
11068
11070
11076
11078
11075
11065
11073
11062
11064
11079
11071
11064
11065
11061
11059
11075
11056
11060
11068
11060
11073
11061
11069
11068
11045
11065
11068
11065
11056
11081
11066
11071
11067
11070
11063
11069
11075
11062
11069
11060
11075
11068
11055
11069
11066
11070
11061
11047
11071
11079
11069
11071
11082
11063
11059
11071
11065
11057
11075
11069
11071
11076
11078
11071
11069
11062
11075
11066
11068
11070
11056
11076
11064
11078
11059
11074
11064
11064
