17087
17080
17090
17086
17084
17073
17080
17077
17097
17096
17070
17084
17086
17079
17070
17086
17073
17063
17056
17084
17091
17088
17081
17051
17088
17054
17067
17071
17080
17080
17079
17077
17079
17068
17069
17071
17107
17070
17089
17077
17081
17064
17082
17072
17079
17077
17090
17062
17064
17064
17076
17077
17075
17070
17087
17056
17078
17084
17085
17086
17070
17073
17068
17077
17077
17076
17061
17092
17076
17072
17082
17073
17096
17082
17078
17078
17076
17078
17082
17080
17081
17066
17085
17066
17082
17074
17077
17084
17083
17084
17084
17100
17078
17082
17085
17067
17070
17061
17079
17073
17089
17077
17086
17071
17063
17095
17073
17069
17074
17076
17069
17063
17084
17084
17077
17065
17060
17076
17088
17074
17075
17065
17069
17066
17080
17088
17079
17076
17075
17075
17074
17070
17069
17088
17071
17075
17093
17090
17071
17073
17079
17079
17091
17070
17069
17058
17072
17071
17069
17074
17077
17088
17091
17079
17080
17076
17080
17079
17090
17091
17064
17066
17085
17088
17083
17078
17072
17066
17067
17066
17070
17090
17071
17073
17086
17059
17070
17084
17077
17070
17083
17090
17075
17071
17091
17089
17086
17086
17077
17080
17063
17086
17075
17069
17080
17080
17084
17077
17071
17072
17089
17062
17077
17089
17072
17076
17076
17094
17078
17075
17070
17071
17077
17081
17067
17078
17070
17071
17075
17070
17060
17081
17086
17075
17056
17072
17077
17073
17079
17080
17063
17064
17076
17075
17080
17069
17063
17073
17073
17079
17071
17060
17075
17079
17069
17057
17076
17053
17077
17082
17073
17078
17070
17071
17065
17075
17082
17088
17075
17068
17079
17073
17082
17074
17075
17062
17090
17069
17082
17065
17068
17085
17073
17079
17089
17080
17078
17083
17066
17075
17085
17066
17073
17065
17064
17062
17073
17059
17078
17080
17085
17070
17085
17085
17072
17076
17078
17082
17084
17084
17073
17071
17073
17070
17078
17077
17057
17083
17072
17099
17088
17074
17054
17089
17063
17071
17078
17071
17080
17070
17087
17068
17080
17068
17075
17064
17077
17089
17084
17086
17084
17091
17076
17075
17068
17074
17071
17086
17074
17075
17078
17069
17064
17082
17071
17065
17099
17076
17071
17084
17080
17085
17075
17070
17054
17087
17076
17073
17090
17076
17066
17074
17067
17088
17061
17075
17060
17082
17079
17082
17069
17071
17081
17070
17087
17076
17085
17076
17085
17091
17078
17069
17073
17060
17096
17068
17080
17085
17084
17088
17074
17060
17065
17072
17068
17072
17085
17060
17081
17069
17075
17080
17087
17077
17083
17072
17074
17074
17080
17068
17084
17078
17075
17084
17081
17064
17079
17088
17089
17079
17089
17069
17068
17080
17080
17071
17073
17087
17072
17080
17091
17067
17070
17075
17087
17078
17074
17068
17075
17070
17066
17072
17071
17083
17085
17071
17082
17081
17073
17058
17071
17070
17083
17080
17077
17087
17067
17084
17065
17084
17091
17081
17086
17067
17077
17085
17073
17078
17066
17086
17078
17087
17062
17073
17082
17081
17066
17079
17067
17087
17082
17070
17095
17073
17073
17086
17089
17065
17083
17069
17069
17086
17081
17068
17076
17058
17071
17056
17078
17079
17087
17090
17065
17074
17086
17087
17065
17074
17078
17051
17072
17085
17091
17085
17081
17057
17063
17075
17076
17077
17079
17076
17075
17068
17085
17082
17085
17091
17091
17075
17085
17068
17082
17085
17062
17064
17063
17064
17073
17084
17075
17076
17084
17081
17070
17068
17060
17080
17074
17069
17081
17070
17071
17071
17065
17085
17071
17074
17080
17084
17086
17062
17076
17081
17067
17103
17078
17082
17075
17083
17077
17080
17076
17069
17073
17062
17068
17072
17091
17065
17082
17077
17080
17068
17098
17075
17062
17082
17067
17071
17064
17078
17069
17076
17094
17080
17092
17079
17064
17071
17071
17067
17061
17080
17064
17067
17082
17088
17060
17067
17091
17070
17078
17068
17083
17080
17063
17073
17085
17072
17076
17089
17065
17063
17071
17094
17089
17072
17068
17072
17075
17065
17073
17064
17075
17076
17079
17074
17073
17080
17071
17069
17072
17096
17084
17064
17088
17073
17071
17076
17081
17075
17072
17071
17067
17084
17083
17065
17092
17067
17082
17076
17096
17081
17085
17062
17080
17094
17063
17087
17067
17071
17078
17074
17073
17076
17071
17066
17073
17074
17073
17088
17087
17067
17076
17081
17077
17063
17082
17083
17071
17081
17076
17091
17079
17060
17065
17081
17086
17066
17073
17061
17091
17072
17072
17079
17065
17077
17090
17067
17059
17069
17077
17079
17084
17077
17069
17087
17077
17084
17074
17059
17073
17063
17076
17073
17084
17085
17083
17085
17080
17091
17088
17067
17074
17078
17067
17087
17082
17061
17093
17064
17094
17059
17074
17066
17074
17065
17080
17088
17077
17089
17062
17070
17101
17070
17083
17071
17077
17082
17077
17099
17078
17075
17099
17081
17078
17086
17079
17080
17072
17096
17084
17073
17077
17087
17085
17081
17068
17091
17069
17065
17059
17079
17069
17067
17076
17072
17074
17081
17070
17073
17070
17101
17094
17095
17086
17063
17085
17065
17095
17069
17069
17071
17086
17080
17069
17076
17088
17074
17093
17079
17081
17069
17068
17062
17080
17077
17078
17085
17079
17072
17092
17053
17083
17073
17063
17083
17066
17079
17077
17070
17085
17078
17074
17080
17077
17095
17071
17070
17068
17080
17072
17085
17057
17068
17068
17087
17080
17082
17085
17064
17068
17068
17065
17085
17065
17071
17096
17087
17077
17081
17081
17074
17069
17072
17080
17080
17075
17095
17073
17076
17091
17075
17066
17083
17065
17077
17080
17073
17065
17072
17082
17072
17075
17075
17080
17063
17077
17086
17071
17078
17072
17073
17081
17082
17080
17076
17082
17084
17073
17079
17083
17098
17068
17060
17080
17059
17078
17076
17067
17100
17070
17079
17071
17070
17073
17064
17065
17063
17095
17075
17083
17093
17073
17086
17062
17087
17083
17069
17066
17077
17079
17086
17075
17075
17076
17067
17082
17077
17079
17076
17083
17071
17061
17072
17081
17062
17077
17059
17073
17071
17078
17081
17066
17078
17073
17083
17096
17075
17063
17081
17065
17080
17078
17080
17090
17071
17067
17063
17077
17081
17092
17071
17081
17070
17071
17088
17079
17073
17083
17073
17078
17070
17075
17077
17075
17066
17079
17082
17067
17076
17092
17074
17078
17065
17058
17086
17077
17070
