80518536
81057660
82011396
84960302
83278652
82322347
80751957
83673571
80157770
83939815
84652495
81554455
82178109
81451394
83788094
79133457
79822892
81696637
79427025
84295384
79931465
84663973
83312734
82353464
84087154
85491111
80426869
83271332
83534503
82578214
84748164
84815064
82521979
82308503
83392255
82573139
83815737
79927624
81285139
84244502
81355771
81787926
85347090
79795969
80903040
80329996
83383063
82501588
80918365
85945596
81878483
79493086
81568804
79627694
85485433
80258160
85279743
79438266
80170454
84925048
83640104
79429037
82195478
83766657
79621712
83612428
80125338
80904523
84430366
80323517
81968513
83581782
79183474
80408691
82615972
79396118
85981400
86060560
82217672
81698023
81357906
81293886
85102772
82172558
83219038
82211069
85142912
80202178
82371816
84659000
82364504
82133064
82524769
83200641
84254430
82342041
84211907
79250290
79431203
82836353
82156705
85643778
81416989
79846462
85519163
82929789
80024873
79259716
83691799
79624168
83665825
84522336
79149283
81623721
84580906
83723554
80749555
80319935
83485255
81493515
84813634
81382190
86011136
84150847
81730434
84231690
81520741
79570566
84860217
79983100
80236298
84828459
83017389
82982030
81440653
84821469
79143635
85051837
85246990
84172413
80889156
80447367
81381403
83121565
79917471
81987086
84953425
80983203
81730969
81587526
83956010
82139056
84554505
82431016
81612608
84513833
85482586
79390998
81778568
82166017
85248984
85535964
83719776
83890219
83883058
79917131
79179589
81440362
81695568
85467237
81631839
81489114
85048878
84691371
80119969
85143965
85141632
82844147
86017541
83503193
80468803
82505305
80509900
82090556
82580079
82269735
80096052
84450504
85374990
83682853
82597782
79409008
85459085
82007965
84852205
81099117
81545174
80520355
81872409
81077402
83719803
81504690
85744727
83919137
84778865
83076879
82630835
85590482
82467395
82565649
82707997
82757600
86137376
79323754
80998934
86027811
80028150
80963294
82816538
82382726
85459371
85936295
85221794
80846124
83851558
82585064
83199269
82707915
84552302
80902317
81012267
83295240
85520561
83692084
86142986
80208132
81051234
82934293
81735422
83376925
85101394
85961054
81001231
83047138
81581196
85200674
83278895
80406812
80140069
83205019
84781718
81791364
84522243
79996178
81538513
79582396
79981079
81691579
85303869
84432801
82095652
81943635
79910545
86025774
80439231
79951199
84045470
82489054
81087055
79577022
84000537
81016524
86048023
85135905
82300725
83621524
82019100
82007537
85525167
81594809
80932532
82491758
80890881
85281987
80425900
84448856
80632970
84494768
84010969
83242205
85842132
82102266
84657507
85733822
85167185
81393553
84734452
79589305
79176286
83921751
86139096
81631701
80092195
85431219
83518923
79897130
86220612
79291918
80772106
79972913
79842894
79244363
82389936
79031851
84358886
82313485
82538370
79898548
85292641
82054229
79566871
85455206
80851378
82904943
85317056
80001457
82204904
80042122
82348123
82338907
81276523
83430796
80516976
80905251
83320985
85640662
80659696
79744682
80974353
86119003
82005069
82380065
85282333
79622356
82070091
85485992
84511469
83264250
80101973
85171515
81076449
79949723
82459734
84359629
80955564
82816920
85507737
82742835
83323911
84272122
83315589
84602914
79904209
84782720
81468625
79817622
81423164
84993114
83530258
81857052
80150130
80724349
85602024
80989215
84506492
80219342
84295000
79879558
81810693
81965038
81422613
79261455
82468224
84303966
81928974
80730174
80372982
84944875
86138393
85262952
85971174
80191781
80332716
80624008
84002676
81404434
82196924
83015185
84709051
84083213
86154528
81363998
80399150
79280323
81983942
80485790
83260445
84566599
80782295
81138976
81806728
80440329
79853290
85855250
81965683
82162634
81073660
80530396
83048396
83123926
82371367
82262327
84625647
82966777
83716797
81690200
79977437
79894118
84444528
82547387
84329630
79895604
83595587
85375196
84775328
81750944
84808674
82251248
82810731
85498162
84638755
83288978
84835270
81715675
79784682
80722098
80314650
83718384
84519244
83028511
82581801
79451622
79093313
79318906
84528588
80757101
79228172
81957674
86129313
81622407
82733069
79856912
81270875
80601836
81307239
80591281
83902552
83736631
80583260
80568985
83372314
83135850
80270355
83156913
84722828
79530434
82605256
79661736
85066414
84375865
79658765
81978760
82037125
81833906
82425827
84880563
83962762
85188831
79482599
85513021
84868373
84040018
85142584
80786416
80491775
83089262
81518248
86030086
82480686
85788770
79770941
81970938
84481032
85592749
84687112
81517377
84547799
80448875
85050013
84459464
84886284
83965083
81994765
81842381
80633967
84786345
84507905
79056648
79121805
82766263
82094024
85098417
84085837
84446133
85192957
79117283
81365830
79502968
83448673
83637997
82549413
79746623
79306546
82889437
79973472
83105095
85801856
79937563
80164625
81624102
83395227
80639795
81992534
85860097
84698403
84634738
82856007
80553100
82439389
86063651
83102586
85210630
80276197
82027052
80013974
86136944
83065916
80066603
83751170
85203785
82154068
83887902
82393667
83060456
84116082
80610613
83097181
80686632
84513109
81768911
79769393
85990135
86175826
81832673
80297735
82009650
80913757
81320784
81914153
85613543
82606843
79900746
84488417
80512160
86104652
79691781
80000918
80414305
81047040
84955068
80565442
81581746
81631763
85939023
83219882
84597703
80536693
84593434
81996686
81715969
85625209
85118157
84128407
82758090
79659223
79666444
84976601
82155490
83917498
80072017
85426242
79118412
80371951
85013793
85994870
80168269
83549727
80400976
83838067
84306126
80364769
85391775
81929233
85699024
79498834
81063954
84808958
85075620
81862690
79938076
82967800
85364361
79451278
79735019
82572122
83569348
80106200
81024696
82633010
82579974
79278381
80936516
79769518
82030608
80246993
84922158
81438691
80934166
80289339
79925851
79069963
79557435
83092225
82004223
85525321
80710039
83391691
84105777
79149080
80934684
82214341
81986872
79750649
79370472
83185442
82051112
84768027
82778276
85170874
82473754
82041011
84957220
82876420
81418199
84369776
83793352
85514531
79365872
81911809
85468046
80394278
85913295
84354559
81347811
80077207
83962253
80375695
85642182
83660036
80843235
85824066
80035419
82346092
81197334
79036489
85875554
79701567
79670970
80110985
81434915
81528659
79826298
82469660
83736995
79060527
83557104
81092387
80107853
79489742
83704436
79149971
82634635
81488562
84564942
84352093
85389913
79062440
81082672
80439202
81248494
82581378
84342024
83980002
81978441
81640400
85943996
82305039
83380801
79187868
79711223
81129439
83103948
84538531
82611876
82201032
80019449
80953739
84803341
85385388
79366783
82409114
81057887
84334076
79475272
80642939
79726562
83529103
80372674
82582514
79443159
84938065
84960431
79626731
84550084
83075447
84183945
82986382
80306013
83188105
85537654
81921775
81492035
84855980
79508669
81420453
81196350
81631609
83990608
79270425
79144554
81951375
83440941
83721062
84289593
85439401
84830145
79041020
79606743
84788194
85034576
80039575
80553560
83455497
84043171
84042732
82392543
82160540
82876332
82336767
85833707
85067143
85742541
79570814
81267135
83019309
83920075
81774347
80259228
83527977
82582201
85282717
80081637
79502596
82722664
83869964
83012189
85102416
84002271
82811893
79856867
84580754
80628282
84064955
83813364
86156147
83053453
84694723
83216784
79147157
83171895
85139812
82618387
82603387
80034409
82964272
80436592
79546891
80864323
85782077
85473583
79111064
79979982
79819443
80102306
85792644
80482778
82267665
85014652
85500812
79720027
84588406
83432601
81144331
82498887
85109407
83040508
85178744
83880603
83504527
82070268
80213694
84904075
82688069
84839342
84665084
79472537
85439766
82394802
79228674
81978681
85747061
81927767
82908223
83880018
85658381
79338227
82835474
82616811
86119128
82587350
83984974
86003953
85385220
79130912
84957497
83723408
82800062
79368153
84208837
82905591
79077400
80893692
82136514
85278355
84394333
79887233
81989759
81155421
82014761
82404789
81763470
83040579
84646479
81272938
82586441
80262548
83306737
83822516
85433520
81973311
86032063
85225956
80439496
80888989
85266446
79522037
83997296
83600281
80292269
84611976
81069556
84559105
83820134
83917164
82231595
82438611
83322759
79513039
85878672
80988787
82780620
81907731
79676721
79901352
80551897
79825516
82388365
81336045
81823818
82599872
80695574
80849552
80085731
79077650
85051856
80379471
81710687
81942044
79959648
80671990
79643796
85376372
80239259
86139980
83406119
84156618
80537701
82835796
84962637
81606165
85992263
85977650
86140330
80749076
80255663
81471984
82350799
80938179
82369084
80427571
80343578
83062948
80946903
81954547
82792022
85639891
84189211
85625334
83519937
82850445
81485539
79200411
80077029
80410225
81624201
79415938
86071138
80338148
84071227
86146253
79141513
82117974
79572884
81460643
81214402
84090718
85805321
81937623
83042059
81855860
84023259
81609374
81794263
79811933
82460421
81270792
83438718
79722086
81541084
80646618
