28146198
30164666
30046232
30111718
29004038
28534403
30205434
30151755
29974646
28931047
28305056
28139454
28938853
28797578
29938930
27951893
29316113
27996320
29140858
27998765
28650425
29134140
29648885
28087766
28584055
28867770
28112209
28092147
29333675
29417153
29959641
29471648
28034533
28759225
29341742
28383168
30110868
29545738
27958483
28441114
30008025
29172452
29247295
29358904
28800935
27911653
27918608
29731340
29914812
28177249
28392147
29442485
29377819
28296969
29966568
28390371
30105569
27776350
29145019
29026018
28132802
29920521
28692320
29945355
27912473
28589228
28419217
28304779
29388887
28446057
29934540
27997663
28308199
28207369
28399284
27748097
28434149
29626054
29639766
28389060
29709567
29250998
28487526
29888384
29825338
28003099
27901122
28894432
30153641
28003548
29043142
28806449
29148444
29317609
28255806
28942645
28761037
30008063
28569862
29799206
28804555
28362905
30192781
28376257
28050773
29103744
28299532
28289443
29711382
27770866
28991212
29376664
27986981
29016698
27907804
29671486
29888302
29047724
27989288
29618280
29585504
29106791
27756042
29702816
28131148
29530913
29561484
30106956
29722699
28591763
29385860
29729792
29275496
28167257
29124258
29353859
29299667
29385887
28384164
29578660
29641980
29061242
28386614
28440715
28399767
28877340
28863861
28191588
28120333
28343601
29615580
29819039
29035631
28118458
28971441
30093848
28618784
30175941
29486608
28095938
29911777
29243538
28322858
28186218
28349788
29589125
29714804
28684872
28642356
28260777
28281735
28419140
28410609
28796044
28142285
28073767
29793021
29846908
28832037
28036775
29857094
28762564
28680982
29695015
27718064
27874122
27899620
30180754
29608229
27920595
29437029
29553039
29149998
29310609
28975161
29517941
28503839
28458990
29158355
29727520
29384419
29282577
29474642
29646522
29503238
29043202
29530994
28869609
27741818
30034138
28201817
29856990
28283499
29575197
28818122
29050190
28407327
28749523
29182348
29450282
28271874
28686420
28701364
28107209
28257176
28516488
27776487
28588174
29066007
28194197
29271443
30209437
30195138
29941093
29387949
29011590
28962033
27781064
30080764
28805483
27787382
28850652
28766082
30005453
28622131
29854648
28313548
29859193
28107278
29737748
29601792
29433483
29657925
28112345
29871534
28879602
29628310
28644793
29382151
27996608
29924182
27968197
28893374
28660405
28110436
29697215
29104393
27743611
29950082
28997371
29427584
28127810
28251213
28278110
28995146
29658916
28780141
29379226
29011938
27991985
28596134
29660323
29726437
28613573
30220875
28329498
27841321
27949349
28214934
29324352
27696157
27818794
27862800
28571150
30004890
28870312
28500595
27762303
28037028
28894623
28455698
29543020
27766244
28511186
30093250
27798042
29566612
28504955
29420401
28069194
28249446
28995534
27711470
29910169
29873734
29702057
29801547
29130381
29068583
30004622
29502449
28634559
28477777
27784022
29278570
30086886
27992195
28054385
28028094
29838716
28544723
29781281
28272978
29171022
29831838
28604691
28628248
28697836
29145999
28443259
28344028
28623084
29398049
29725588
28910323
29563815
28203558
29417505
30116913
29909552
29062900
28058985
29439930
28291896
29962472
29053112
28836901
29474059
28373009
29767454
28387028
29847153
29921711
29025094
28232357
28307953
29619026
28888131
28225367
27798536
28247084
28320557
27952623
29391833
30003796
30165653
28463760
27743965
29631123
30152192
29987941
30191209
27954734
27954565
29758425
30050531
29781426
28635837
28771219
28390419
28803115
28758268
29700023
27790080
28853502
27919319
29447646
29282914
29287981
29680499
29660645
28088563
28648433
28834914
28075121
29377744
27720428
29509377
30059114
29443091
28162294
28177408
29540553
28399351
28928958
30167565
29189540
29576123
30193585
28815050
28136457
29791075
28604950
28672005
30193269
27825030
28121583
27938977
27816039
30175681
29540236
28709380
28258170
29149189
28268034
28092289
30123318
27719471
29968946
29618981
28094318
29351885
28029112
28828134
29186453
27836658
28149183
27847917
29097936
28853064
29315660
28994215
28538290
29907162
28683752
28621621
29686286
28967534
28134485
29900158
28196080
29703786
29825420
29000220
28322930
30156413
29330936
29259624
29616380
29399427
27871538
29745908
29329678
28005939
29606261
27838016
28747241
29255429
28272002
29927851
28329926
28841319
28645885
28168442
30122161
29460811
27760168
28254114
27841299
29523182
29167012
28909492
29828475
27893353
28454002
29664779
30210987
29933100
28294111
29207556
28468996
28683784
28360718
28015175
30163880
27780609
29093224
27719376
29154454
28372158
29601441
29137919
27862199
29868397
28233198
30115685
27911988
28971893
29221641
29072820
28187357
28737942
30181808
29821629
29934587
28628229
27804736
29334145
28098244
28945390
28900523
28724841
28563372
29323970
29756569
29552016
29548768
29467650
29927819
27823498
29029379
28698500
30120584
28904769
28262550
29006868
28840712
28230544
28328164
29135966
27927549
29023809
28459767
29442645
30160419
28598634
28521160
30210933
29060587
27750001
28419534
29358576
27721414
30058625
29299289
29304448
29002477
29685542
29623677
29816996
29424289
28329407
28675644
28625372
29108996
29913170
29240232
28407624
28451093
27767643
29151605
27811616
30104310
28888375
30094171
28493851
29045011
27941282
28554748
28731037
29997819
28657574
29041797
27730795
29340744
28918270
27816447
28049049
29784922
28835696
29837866
28927686
28865372
28068514
28334118
28105543
28902164
28991747
28282468
28666926
29140681
29989326
30003728
28387966
28582630
28827968
29679189
27706836
27942753
28331412
28821507
28128897
28745613
28088391
29595027
30149120
28755584
29538783
30221585
28454910
29403680
28976165
28188223
28121597
29389570
28387558
28290979
27973282
29970674
27818604
29379735
27754690
28846747
27825035
29475131
29213300
28355759
28543950
28147354
30116699
30214305
30085999
28171955
29674999
28726347
29907149
28914066
27930653
28598809
30049631
27804443
28560429
29921193
29371520
28259307
28655986
29613259
29621668
28763157
28013266
28567007
29840268
27919150
29740009
29057519
28144745
29746910
29284362
29023349
29506082
29822747
28436291
28387127
29745902
30020945
29718834
28110866
28391717
28597781
29406701
29970796
29158607
29447863
27880490
29446871
27913990
28799468
30121935
29786526
28536399
27891918
28393512
28072718
28574258
27795366
27842374
28943909
28500633
29073880
29651753
29380810
28222127
30207036
28485063
29075938
28931601
28204956
28039359
28409963
29317969
29553428
29559429
29199623
29172348
28998289
29439892
28535659
29394998
28492936
29596492
29734188
28476873
29221855
29386487
29414267
29339833
29160649
27765633
29206406
27954928
30149725
29701604
30197438
27833671
28385686
29225232
28123247
27831361
27939347
29623306
28258656
28220229
28445219
27914150
29236889
28062190
28297824
28103440
28608034
27748567
27757631
28074512
28957237
29400015
28428045
29766209
27925023
29837205
29861674
29887952
27994237
29431224
29081369
28865374
29974689
28225448
29455768
27829134
29392783
29198921
29842077
29425203
28717572
28563257
28238018
28998786
27689972
28198168
28163200
28804684
29989033
29942081
29894387
30032936
29667125
28469412
29474611
30149754
28076566
29608492
27994205
28661950
28807805
29070000
28334550
29955691
28207768
30067955
29089741
28500958
29269998
29703597
29847237
29067106
30137692
29960139
29076833
28312429
28001604
30067123
27858762
28736040
28888634
29530107
29821253
27920830
28519744
29863674
28607689
30102555
29553421
29993024
28457217
28573443
28621231
28275998
29266622
28935201
29551140
29088808
27935091
28070724
29691606
29856890
27963552
27828723
28787184
28215361
28023467
28816106
29712822
27886762
28693425
28011514
30200603
29773627
29249082
29550473
28607167
27977068
29602478
28704339
29170106
29789117
29077519
27901879
28873338
27921478
28186160
29091088
29222425
28323372
28422805
28722773
29655054
30204036
29290710
28096195
29041854
29127595
29732057
28244586
28224483
28547062
30166135
28368943
27765166
28795995
28921587
30212999
28603273
29576522
30151343
28632454
28068096
28260797
28053952
30029475
29039068
28696123
29844282
30135323
29805620
29601648
29064675
27979396
30137368
30047628
29808995
28606043
28215508
29250895
27841964
29319387
29524620
29414183
27742185
29563887
29958775
29646883
28902783
29624237
28465161
29251758
29229676
27925103
30080678
29739216
28161777
29588194
28569938
29640258
30005310
28343985
28971910
28698945
29770948
30126358
29349637
29868301
29776893
27772898
27725300
29250055
27869607
29457681
28109216
29527769
28071858
28127460
27909694
28219065
28146460
28315314
28436350
29354523
29269808
29670380
29604857
28471285
29935265
27831510
30194195
29060855
28104712
29468531
29146286
28540797
28407146
30108611
27797738
29676871
29121559
28392624
28418587
29667425
28673644
28090854
28761306
29219837
29092400
27758902
27935330
29586983
28236414
29353244
28310874
28261582
29259072
29655418
28712119
29345594
27883355
30194583
28836632
28408476
28903106
29716526
29594465
27864536
