3015696
3035130
2847940
2985602
3083197
3012008
3054915
2878583
2851275
2899837
2938447
2872486
3078439
2936085
2875235
2838104
2881397
3061117
2951173
3057720
2924733
2872904
3084596
2838095
2931403
2891760
2945962
2931302
2961693
3001615
3037458
2902155
2866807
2959104
2912060
3070489
3000134
2916168
3059203
2872455
3029898
2939880
2952179
3009182
2925225
2878994
2865368
2941690
3053471
3009170
2877621
2848459
2901198
2897394
2914880
3004924
2953463
2998705
2990292
2920487
2923771
2997840
2887178
2971888
2906847
2953975
3048305
3030867
2953014
2908291
2870656
3076641
2935629
2957809
2861118
2971880
2983619
2904971
2968157
3085565
3005382
2947400
2938936
2950234
3077057
2866769
2910607
2958702
3040252
2842291
2871019
2954473
2856424
2951658
2937950
2918647
3024684
2861161
3012912
2881435
3031375
2899239
3070993
2907793
2931851
3056322
2888943
3054438
3022788
2873777
3058169
2845125
3003500
2945996
2977106
2879108
3004860
2919563
2950253
2921460
3031294
2871997
3045922
2916686
3037491
2883333
3080409
2942210
3045006
2840915
2962950
2895534
2916695
3070957
2920074
2910138
2865897
2938441
2979440
2953964
2985524
2934101
3080393
2951983
2960609
2908214
2956328
3061006
2991284
2941708
2894613
2937478
3085529
2951196
2975699
2847460
2889453
2888036
2840941
2889412
2983719
3060999
3072842
2888918
2857850
2953015
3067599
2913475
2850822
2920492
2898315
3004402
3001581
3027533
3026168
2870043
3003967
2959663
3028973
3022407
2967608
3064345
2954041
2969538
2864414
2883290
2859230
3075701
2836233
3019002
3064841
2936998
3089749
2923316
2967187
3079922
3049211
2847473
2973355
2876218
2839521
2989858
2974738
2973304
2883745
2978511
2904957
3071878
2878100
3020866
2878189
3023810
2936024
2856411
2971900
3008641
2883691
2954037
3069982
2846063
2847062
3001576
2891783
3042625
2888053
3010952
3013951
2883332
2873434
3073758
3041252
2952121
2889903
2852605
2994570
2878607
2896030
2861148
2923375
2883231
2841365
2949694
2991208
2931349
2888504
2942737
2956841
2932362
2956333
3051115
2957313
3085989
2882846
2978423
3021458
3017592
2953502
2930412
2945023
3075721
3022768
2930905
2901166
2989341
2835299
3075208
2941760
2988348
2933215
3033684
2977078
2868649
2889458
3055844
2988851
3037908
2958614
2920508
2873387
3024273
2893596
2865864
3044022
3033179
2918573
2974667
2988446
3078025
3010570
2907307
2987038
2879511
3015764
2995011
3039777
2849846
3084609
2877611
3043572
2942168
2953481
2926166
2869596
2990298
3037881
3074173
2980867
2904954
3012448
2934218
2918095
3078446
3042164
2883755
2976158
2883291
3070549
3017646
2859664
2968636
2975172
2841876
3030878
3009129
3013386
2942604
2907826
2982756
2857802
3077581
2965764
2984649
2936973
2911065
2944019
2926608
2938929
2955378
2989332
2859758
2885624
2941733
2886094
2908697
2968619
2955452
2957778
2846043
3051612
3023239
2898366
3004921
3053048
2895553
3070473
3053024
2995955
2914374
2917209
2962494
2992210
3034625
3040811
3080849
2998827
2852694
2895509
2926569
2902176
2864416
2990364
3017176
2963892
2967209
3064331
2890805
2939377
2941233
2852698
3007280
3044509
3052630
2878150
2886120
3069512
2937486
2894633
2847923
3076149
2880942
2877680
3049748
3000648
2993059
3026110
2961547
2920072
2886996
2859245
3064320
2970063
2895482
2844666
2886116
3068654
2996915
2997824
3026657
2937470
2845652
3064394
2837604
2933740
2975241
3024268
2840895
3030846
2943585
3037958
2918599
2867722
2848886
2934227
3036050
3041186
2902621
2954412
2894611
2994549
2921048
2938884
2863951
2915809
2979932
3045439
2856836
2960628
3009171
2977038
2889888
2912618
3056292
3071481
3008210
2878135
2860208
3068238
2980846
2977568
2985162
2929421
2946416
2956350
3047879
2884740
3053456
2876210
2942227
2917184
3040276
2907766
2958114
2878099
2900188
2916792
2889435
2906383
3047300
2980355
2919977
3064788
2959222
2855958
2888437
2956814
2859792
2980334
3067173
2865799
2908258
2976148
3033213
2955851
3004436
2849319
3061554
2979484
2960620
2946917
2970506
2868672
2851742
2858787
3006291
2905900
2866753
2876639
3037457
2940794
3031823
3029946
3026134
3061988
2861099
2866888
2933242
2970502
2959137
3061947
3002066
2989344
3026176
2996005
2892832
3069506
2996384
3035556
2968548
2986948
3078513
2874995
2884682
2895517
3044480
3032696
3086033
2964352
2950651
3081813
2867250
3062505
3069502
3031787
2853076
2953949
3064340
2859802
3044047
2895519
2871960
2938857
2846974
3006358
3008201
2864015
2967138
2974229
3070943
2970992
2860197
2869678
2910537
2972819
3066694
2902091
2901638
2983157
3072809
2903570
2845640
2930504
3045431
2904474
3016230
2880963
2900208
3078953
2948831
2962877
2983744
2940874
3008658
3051129
3076090
3077545
3050215
2848418
2919069
2958710
2899753
2931330
2984611
3072858
2896575
2873378
2975612
2935161
2898337
2960110
2903058
2884650
2988829
2961517
3051602
3021372
2863606
2871497
2967179
3058669
3062009
2856915
3011026
2937481
2910583
2898815
2927623
2841863
3081249
2947867
3015773
2952093
2915326
2908287
2961553
3001559
2874792
3026142
2877641
2918200
2894078
2914847
2847026
3051617
2987069
2969461
2910640
2883764
2971939
2942709
2868724
2881412
3056738
3031248
2913504
2943164
2879527
2846539
3029467
2892817
3005343
3060078
2987996
3079363
3041690
2871024
2905423
2887025
2929200
2879937
2916781
2897844
2849308
3005427
2992208
2872958
2843736
2965330
2996822
2919051
2882817
3070942
2977549
2879037
2876307
2884659
2900705
2852232
2846946
3011515
3080849
2970445
3062912
3015776
3002513
3063888
2911516
2912482
3083661
3059072
2849320
3077050
3071001
2947375
3011979
2876763
2973784
2993565
3044111
2994039
2882288
2947895
2969503
3018127
2961489
2980805
2971917
3052984
3039810
3004919
2859729
3083685
3017237
2896039
3000141
3075190
2932245
2933706
2954458
3019000
2918600
2931749
3080787
2888968
3061995
2893678
3027105
3041659
2853136
2926196
2867274
2958230
2842782
2968596
2996881
3017179
2959634
2976164
2852720
2876654
2871427
3051577
2989844
2962926
3044998
2938878
2892825
2903517
3008698
2903927
2906452
3034621
2845180
2961038
2839019
2893193
3004463
3086473
3050675
2921471
2935140
3055381
2884720
3045961
2985043
3086025
2977104
2949250
2930342
2876170
2905863
2863519
2938849
2913893
3020927
3077040
2848921
3031308
2917239
2898380
2866311
3086029
2904092
2892698
2978015
2872437
3005388
2875324
2888433
2908746
3071441
2972865
2952565
2900261
3049702
2920040
2928504
2840455
2932329
2887513
3076157
2853663
2996876
2872461
2834802
3054018
2916739
2899741
2884215
2916779
2892293
2880000
2932242
3048401
3020046
2901222
2843208
2960978
2906873
2855037
3015778
2834862
2841867
2920139
3061990
3080337
2870095
2912103
2890819
2999657
2938903
2964835
2999189
2871956
3055331
2865347
2987485
2900666
2869632
2880023
2845600
3051593
2978012
3069473
3037452
2870106
2952575
2972822
2894636
3067659
2971881
2950637
2890400
3047420
3019503
3057736
2984155
2993552
3043979
2921434
2855950
3032165
2843272
3000213
2882353
2984166
2985545
2930417
3010101
2916741
2876234
2884739
3059177
3057229
3066209
3061950
3070025
2913516
2848462
2889347
3008711
3038395
3059623
2869164
3019112
3071403
2922384
2927072
2988854
3073794
2900243
2870061
2867834
2944537
2853151
2867246
2882862
2896084
2851691
2933677
3018591
2850286
2905392
2980026
3070006
2986531
2881824
3075181
3042694
2996883
2979418
2970397
2840436
3023758
3026133
3047767
2912550
3013398
2869629
2896934
2950213
2886077
2935036
3030836
2926663
2869608
3074680
2929381
2979481
3038287
3016689
3052994
2911067
2959245
3079457
2949730
3069965
2907345
3024724
2892179
2868245
2860212
3055400
2908271
2934668
2980812
2879504
2877172
2875325
2935649
3014806
3070931
2948825
3071377
2915811
2874279
2970992
2964336
2902149
2888431
2920577
2948859
2929010
2976546
2936512
2933280
3028926
2879038
3054907
3027062
2905447
2884160
2952068
2887101
2997754
3047825
2978996
2954972
2842826
3074741
2975205
2937519
2997833
2927092
3004868
2906415
3044948
2863547
2956815
2992653
2992697
3047759
3022377
2891770
2947393
2933227
2995034
2899788
2986957
2984129
2986995
2868247
2995441
2867756
2934646
3016279
3069082
2841844
2955859
2947821
3054922
