8864549
8976473
8981663
9009471
8825436
8491734
8831156
8763698
8844867
8433056
8817578
8535557
8605430
8462062
8802336
8551525
8458691
8771721
8766019
8508657
8509070
8896231
8998153
8479961
8923133
8939700
8570807
8713668
8948599
8944859
8891605
8395740
8609539
8954646
8772243
8297055
8945826
8352261
8854708
8519010
8297021
8595852
8624171
8897085
8886337
8425192
8303270
8820364
8925989
8275052
8711863
8494495
8984542
8457289
8512513
8958927
8498689
8837177
8753384
8951583
8676852
8319219
8965090
8831116
8823651
8663735
8943428
8569474
9021360
8810350
8898229
8306021
8541644
8960835
8357683
8514714
8415751
8970930
8371983
8470488
8936859
8338870
8999594
8886431
8629800
8618976
8296505
8729229
8783080
8347087
8842470
8463857
8345064
8441293
8717911
8589252
8871778
8876859
8891453
8315479
8586903
8860359
8959863
8811854
8432910
8925515
8489363
8369730
8839158
8705318
8642888
8508604
8328637
8809861
8769785
8836675
8379979
8836287
8841885
8731134
9005280
8822636
8845676
9012669
8409633
8723537
8735833
8970838
8936786
8283001
8898604
8679240
8685323
8449753
8743339
8294684
8587414
8795258
8948201
8780636
8417659
8755750
8982178
8321527
8668495
8814592
8609948
8728817
8367758
8776938
8558995
8879275
8401249
8341403
8566639
8580785
8718940
8899490
8914622
8961829
8863720
8782108
9020294
9016460
8383354
8779795
8747668
8874492
8865082
8755248
8653316
8571411
8406362
8823036
8653829
8744354
8590161
8763637
8435156
8373478
8530310
8793372
8602380
8803797
9005571
8505501
8865117
8852416
8427600
9010028
8428880
8635532
8641076
8724055
8967939
8847198
8350836
8555288
8442601
8563790
8957594
8490745
8694837
8478059
8370107
8292827
8859033
8561501
8757113
8603350
8367313
8300370
8295226
8670346
8569458
8497388
9013253
8403601
8606138
8721809
8571841
8762663
8944372
8719404
8974487
8393129
8279275
8515346
8534007
9016577
8313475
8558713
8628002
8581212
8665511
8575105
8590692
8839655
8387662
8340025
8528940
8427633
8625601
8898079
8616977
8452152
8905632
8838695
8917423
8938723
8400202
8411111
8792001
8653367
8631417
8647788
8753669
8989250
8676344
8800853
8844203
8843366
8482692
8278068
8317468
8475554
8339041
8584018
8280162
8574261
8711427
8742971
8869920
9001007
8764185
8333904
8488848
8311817
8791945
8778334
8488877
8949408
8916992
8828344
8799419
8809987
8511965
8857618
8588780
9021708
8419122
8288633
8572296
8920800
8373329
8407297
8856143
8906157
8840596
8810765
8977879
8932544
8316924
8606701
8520581
8495430
8902949
8918473
8965610
8632988
8625493
8839150
8873259
8477152
8302680
8971865
8627966
8406049
9005620
8497299
8510500
8658090
8560607
8685442
8406260
8819830
8816067
8666508
8728775
8587843
8278846
9010803
8973579
8287216
8589334
8615632
8698570
8611955
8834393
8790529
8697203
8679727
8618872
8416143
8709933
8636383
8649952
8855188
8800402
8465260
8368228
8435117
8685047
8762297
9023077
8453047
8577830
8587450
8681635
8986271
8453949
8288148
8451594
8571821
8410002
8823156
8614686
8924923
8880295
8589695
8817452
8552966
8844839
8969720
8731100
8900942
8563816
8751387
8971224
8296131
8614296
8960323
8292401
8908990
8939231
8391772
8996234
9009464
8751335
8823121
8633659
8832991
8642917
8378189
8857538
8851924
8632578
9008543
8425231
8961780
8461589
8696694
8979342
8457712
8545397
8294256
8523768
8987323
8875064
8331064
8449226
8882501
9009425
8777442
8900510
8737787
8486587
8410266
8442134
8617961
8732206
8932082
8824923
8302326
8861843
8363029
8977325
8504446
9012800
8485090
8930668
8828670
8746635
8678301
8975052
8981633
8844417
8285375
8964032
8292381
8320181
8474721
8333317
8423357
8777357
8772182
8942048
8899122
8512063
8548708
8612245
8542501
8540156
8812364
8265213
8432729
8660831
8881064
8633171
8562345
8966967
8859820
8831084
8366804
8604876
8492184
8799076
8340413
8508138
8520377
8926874
8565750
8352691
8467151
9010376
8503085
8580628
8332851
8484619
8524724
8894368
8706042
8841540
8924857
8921288
8422018
8406890
8969772
8945004
8826467
8777849
8490870
8854299
8271785
8622244
8669910
8945747
8471389
8500657
9006660
8747129
8615614
8877916
8885425
8394126
8295703
8639152
8914681
8907166
8372686
8731614
8322091
8716994
8587868
8398819
8866422
8454374
8663201
8945180
8316867
8501095
8401715
8616535
8892054
8699529
8363048
8581683
8390907
8776895
8539750
8609177
8916604
8487551
8620821
8500662
9015583
8342742
8799163
8708102
8349949
8720340
8811896
8352228
8312552
8923185
8786744
8756127
8476135
8380217
8512930
9015622
8799577
8628914
8583108
8847671
8602436
8599604
8847138
8761834
8603981
8682180
8579314
8674602
8314028
8809798
8663266
8371541
8302319
8990602
8471915
8402249
8575554
8499281
8731641
8937823
8357432
8345203
8659040
8982164
8697178
8528963
8379130
8465739
8786376
8625993
8736239
8616128
8516083
8599128
8347464
8749073
8768424
8934067
8953721
8400250
8453533
9022124
8754722
8858155
8613761
8636911
8297076
8997694
8961819
8947190
8875133
8707651
8583097
8897672
8641084
8285962
8671437
8367207
8362935
8501099
8475677
8640563
9011402
8622157
8925842
8309407
8957116
8515782
8981702
8681694
8488907
8317339
8333735
8654290
8862742
8917894
8305740
8340412
8955606
8569475
8390346
8884853
8543651
8457191
8848995
8997141
8664129
8592072
8407303
8372503
8740160
8798635
8297546
8983065
8362194
8471395
8602415
8421950
8434676
9009513
8289599
8538187
8545876
8480278
8427663
8425309
8607081
8367710
8505253
8366325
8837799
8654733
8980695
8485528
8766139
8756661
8923572
8940574
8533601
8954669
8971200
8537434
8437675
8941934
8958040
8768547
8393699
8430835
8397835
8858356
8464489
8624210
8675495
8721774
8477142
8985328
8810370
8450249
8829807
8975986
8744888
8549710
8683179
8542009
8854655
8917646
8361971
8866132
8306586
8771153
8574220
8723529
8976949
9023121
8509128
8532760
8780138
8477545
8678833
8444531
8815471
8288391
8948583
8764998
8806633
8570925
8402597
8455904
8743030
8907601
8546787
8560388
8976983
8926909
8584514
8628512
8724125
8836346
8924607
8601930
8828873
8707696
8901784
8748625
8721272
8856501
8453970
9019368
8726873
8480380
8291494
8849065
8867905
9018810
8527976
8588430
8649604
8722672
8330578
8938773
8468491
8533700
8576085
8532738
8425767
8626469
8710313
8558582
8844712
8835388
8410582
8787712
8507179
8840449
8753804
8747126
8610498
8551470
8384302
8694419
8614118
8373500
8836860
8314451
8820795
8730249
8404975
9006630
8824958
8368286
8411557
8759011
8938619
8674906
8944936
8707425
8741471
8578430
8440691
8844740
8301317
8959026
8897550
8756633
8961718
8364479
8590653
8708488
8349392
8759936
8985411
8834003
8867416
8628300
8268029
8469101
8628027
8692030
8311189
8828258
8967971
8602518
8457243
8379501
8707140
8945344
8802351
8427076
8341847
8370103
8369060
8327241
8357916
8307984
8625657
8699055
8593456
8305638
8446065
8665686
8548209
8378145
8379940
8388391
8302803
8554452
8313943
8461021
8959028
8736840
8316013
8280316
8595472
8566634
8866063
8459612
8735327
8816461
8785859
8399740
8387028
8984983
8939651
8322529
8478537
8501612
8375334
8403038
8993927
8588422
8552956
8373492
8552016
8837662
8544055
8631965
8433676
8384670
8525161
8838745
8877312
8419117
9010769
8532768
8489866
8743329
8688813
8616579
9006662
8624987
8952828
8488050
8713727
8676024
8381826
9006559
8907550
8652300
8809513
8304656
8617206
8862679
8310276
8855664
8692537
8860827
8333817
8593926
8575145
8925920
8891910
8600032
8521866
8618998
8464422
8531754
8706628
8448916
8483707
8725916
8831546
9017481
8482265
8284403
8311452
8478114
8908088
8564682
9010395
8650925
8407464
8723639
8540651
8694971
8427566
8894828
8953878
8428403
8338067
8796269
8957553
8775469
8352216
8832544
8291934
8365436
8637333
8392340
8753850
8904096
8685912
8304611
8854648
8852783
8344714
8777008
8740631
8757539
8814146
8887732
8484233
8735769
8774948
8315472
8573794
8809889
8616053
8958026
8601067
8475149
8526532
8966134
8385231
8371146
8526042
8342363
8838674
8517139
8783431
8794795
8443628
8571829
9023559
8986363
8288671
8787327
8865939
8964169
8426582
8976383
8667953
8454511
8425299
8988762
9018408
8738219
8994977
8437487
8649586
8630694
8499242
8769327
8610425
8414856
8861319
