2188179
2212742
2233034
2146290
2126024
2158448
2133519
2115633
2192960
2125505
2190583
2106304
2223584
2091629
2166524
2120865
2141143
2201100
2219331
2124607
2116547
2089268
2102898
2095807
2122274
2094497
2150529
2196725
2104352
2229755
2238218
2110918
2161365
2145295
2232126
2199579
2231638
2085484
2179298
2090678
2198199
2141600
2127490
2085893
2143494
2206575
2124628
2068502
2129271
2221783
2138765
2170286
2088839
2152407
2143480
2225015
2111890
2237758
2180689
2100163
2138712
2072790
2202376
2206106
2134015
2196712
2170770
2115148
2106170
2119445
2232983
2182137
2173201
2205712
2229266
2079820
2121756
2150993
2108111
2143468
2184016
2219882
2178312
2210901
2096371
2218900
2234458
2233502
2213226
2102884
2076058
2086961
2234922
2122712
2240094
2066191
2078418
2067129
2078906
2087853
2235894
2217032
2199598
2157587
2126938
2223574
2150501
2213257
2179803
2103377
2203351
2135888
2145798
2102924
2109500
2205734
2166998
2134489
2079356
2158016
2180239
2207507
2135417
2100988
2069477
2083077
2190094
2067584
2159382
2137304
2112833
2068027
2120323
2118923
2193446
2102485
2128833
2069959
2185434
2074622
2233042
2112792
2200946
2202372
2225946
2194405
2197637
2143375
2154339
2184928
2118449
2076524
2223100
2077024
2190578
2157122
2125078
2085499
2070399
2132612
2082199
2102438
2232590
2060567
2175925
2109962
2117968
2208980
2120296
2064295
2130712
2165134
2198115
2112385
2215088
2194900
2235382
2168424
2155260
2090633
2190117
2092107
2189179
2138294
2197712
2067544
2104758
2232098
2199591
2109498
2157090
2169389
2074217
2187742
2147647
2096311
2164690
2069456
2180183
2209943
2109068
2166540
2150954
2153350
2231210
2158030
2220740
2217472
2117948
2192982
2223163
2195295
2192041
2163232
2150546
2218910
2180739
2207149
2208551
2152419
2227369
2171287
2127848
2162342
2085003
2172259
2149566
2203352
2103842
2169835
2181181
2112292
2203303
2158536
2118902
2125998
2105742
2130708
2076454
2208033
2221271
2067552
2107705
2116110
2109982
2138164
2186348
2178372
2178351
2187762
2155223
2150543
2119388
2235898
2196286
2147677
2152866
2060986
2103405
2215112
2224108
2084048
2091102
2090200
2221734
2102870
2142967
2232978
2231563
2075583
2224059
2117077
2220759
2200477
2216061
2073631
2235894
2157610
2113302
2088786
2126926
2170748
2170331
2224158
2161852
2117465
2149113
2211857
2150469
2078893
2119861
2116580
2095358
2183504
2192516
2216558
2151914
2201879
2168878
2165609
2201538
2107639
2078377
2065201
2221283
2109486
2137350
2111419
2125989
2091620
2112837
2158045
2101012
2234014
2168890
2177396
2142022
2184437
2085483
2094877
2204302
2070435
2199129
2114730
2084054
2159925
2184023
2194847
2162324
2179716
2194373
2137836
2218429
2179736
2206219
2152893
2221203
2189679
2210429
2184005
2226898
2073699
2127879
2087394
2081721
2229278
2197196
2122257
2068531
2183990
2142484
2168888
2193407
2209940
2196750
2146212
2128857
2235870
2086394
2231622
2087407
2070398
2183022
2094414
2104336
2185888
2090693
2156191
2218449
2066646
2176477
2182604
2215610
2132625
2130265
2199012
2077005
2209925
2150506
2174583
2089185
2150029
2211372
2159518
2135444
2148146
2079812
2110424
2074119
2152848
2194842
2180719
2144874
2102867
2193914
2191972
2137323
2166512
2130727
2065194
2081284
2123201
2062874
2075520
2067093
2145391
2171732
2113305
2223194
2107682
2182552
2072789
2065242
2172192
2094879
2141565
2059593
2174556
2210928
2093193
2161885
2097765
2220264
2116124
2128378
2210361
2126464
2118882
2155716
2087385
2078857
2112831
2183532
2229267
2175501
2092155
2086365
2135882
2155686
2146743
2081292
2228814
2125557
2175036
2160424
2153774
2073679
2140185
2197658
2075567
2079775
2196772
2092098
2148613
2111922
2207132
2154790
2152850
2100541
2198170
2163772
2226938
2225465
2068571
2193871
2088288
2064778
2163722
2141591
2101925
2159917
2069460
2218948
2132534
2202867
2143006
2084037
2107145
2175971
2219307
2159966
2132617
2083104
2200497
2108079
2162757
2128827
2110463
2152422
2074210
2125549
2068108
2175498
2170275
2207495
2111829
2124549
2072274
2081161
2076940
2167990
2187302
2085539
2102875
2152841
2220769
2151941
2121294
2125023
2200013
2094438
2200078
2202884
2125534
2131628
2103392
2207531
2073302
2080705
2084540
2141574
2149080
2235882
2233534
2121741
2099611
2093481
2124574
2172666
2165170
2178356
2111364
2193432
2176945
2170779
2183484
2121288
2225973
2109954
2073700
2170273
2127379
2225017
2201851
2176381
2165133
2074187
2126461
2074654
2173175
2084527
2138265
2200996
2213681
2232570
2156679
2233066
2201868
2206122
2143868
2213248
2092528
2199544
2073740
2213698
2091593
2120782
2122666
2187330
2169827
2192023
2114648
2080868
2106735
2079867
2104301
2127968
2100545
2173137
2177362
2200943
2180738
2143897
2077921
2189619
2070873
2220282
2110497
2069472
2143488
2200078
2066151
2127421
2186785
2226902
2202409
2091655
2225527
2211347
2080284
2186391
2211326
2133991
2209899
2199052
2198632
2127446
2131663
2175519
2085447
2187703
2123202
2130315
2209023
2217484
2171274
2069488
2127422
2110908
2200990
2205663
2195371
2176433
2231146
2075234
2168429
2102433
2140108
2071803
2199137
2226907
2177395
2122256
2093473
2190583
2161315
2223185
2090654
2220281
2131218
2157101
2091573
2207089
2053075
2124594
2123648
2208991
2148190
2224595
2131667
2173143
2207595
2234458
2201916
2231612
2112772
2112759
2081659
2205707
2107118
2141993
2234898
2113297
2197673
2185844
2164187
2145325
2068542
2184430
2125040
2214209
2124600
2119908
2081164
2225028
2096826
2110005
2136398
2132171
2168942
2137340
2123661
2080767
2149059
2087343
2152927
2160425
2200492
2195298
2233486
2147190
2205708
2198619
2217430
2188671
2095338
2239630
2087280
2227390
2132648
2073675
2175526
2223568
2156685
2241038
2177390
2095858
2204765
2207597
2109041
2070857
2088772
2094858
2092048
2209927
2163234
2084587
2060555
2174539
2194880
2198614
2124615
2109054
2172198
2172610
2154285
2200487
2191089
2154256
2231581
2205710
2175965
2075132
2147675
2148602
2074086
2069927
2108592
2165128
2148575
2196754
2095373
2190060
2089230
2195827
2113425
2087798
2232118
2203334
2139659
2071823
2164625
2149092
2237250
2092498
2213211
2211367
2178819
2082184
2085956
2213728
2130695
2058192
2155203
2130216
2109946
2137796
2212778
2110474
2086890
2212793
2235418
2214583
2184954
2194400
2098167
2228300
2160828
2075625
2095350
2150007
2072312
2129737
2143914
2117507
2106727
2100594
2128798
2206203
2142974
2192031
2074696
2180211
2200461
2068031
2169336
2142504
2220340
2062013
2152875
2155240
2219375
2173594
2124087
2120417
2181596
2177393
2145857
2170292
2067601
2143900
2105744
2173608
2236314
2089677
2192480
2093493
2220850
2123639
2214098
2163711
2192958
2119873
2214214
2223190
2181676
2122708
2089749
2195290
2218892
2118957
2214201
2211854
2191533
2100497
2143919
2156175
2125480
2114651
2175477
2199077
2156236
2163702
2168864
2221727
2162797
2203815
2225974
2078870
2177892
2163246
2166062
2078905
2150527
2226867
2071373
2102461
2065720
2176983
2187301
2174059
2157098
2092546
2100091
2083118
2086893
2138210
2078414
2160448
2107165
2179781
2120379
2165174
2140596
2143052
2121759
2205218
2186818
2123123
2172678
2130738
2090188
2237270
2154711
2123630
2179333
2220783
2185468
2230226
2086945
2162784
2187319
2140613
2090688
2164203
2089206
2092986
2234930
2099638
2137336
2115669
2102003
2074617
2225044
2187784
2150571
2155206
2102010
2059122
2114236
2215588
2201005
2114662
2146783
2166498
2184439
2136395
2219902
2133546
2143899
2191544
2095830
2207138
2061924
2200940
2221679
2190128
2146290
2092032
2153820
2216961
2080825
2133527
2225525
2177426
2073233
2209476
2179283
2203818
2112785
2076549
2184016
2205241
2075613
2153396
2134502
2104775
2093977
2066167
2227849
2200490
2158519
2165124
2132155
2201902
2106192
2098198
2112813
2143508
2183979
2062423
2097217
2225016
2192975
2077883
2206645
2156154
2232994
2094908
2071361
2148594
2186831
2219790
2188261
2165097
2234443
2082658
2152419
2137807
2070362
2132113
2122767
2185377
2155279
2098725
2185854
2224547
2189165
2109972
2109479
2187734
2134000
2147177
2091589
2174104
2204250
2220745
2147676
2167490
2228350
